1.754473	11.829675	6.009006
1.739665	10.702820	5.546366
1.640590	7.140655	3.806563
1.735992	7.965886	4.223997
1.680873	6.959918	4.547361
1.666618	7.154494	4.291865
1.710308	6.811811	4.325723
1.668423	6.809633	4.047587
1.679303	6.902841	4.167004
1.681646	7.327109	4.333985
1.528092	6.973429	4.076920
1.638225	7.614280	4.472547
1.684798	7.564850	4.408766
1.653334	7.800494	4.471192
1.651308	7.832615	4.517128
1.542432	7.314682	4.196032
1.508596	7.313947	4.177506
1.526616	8.303966	4.307911
1.469329	7.401175	4.191008
1.598701	8.423485	4.745935
1.609112	8.055193	4.554420
1.522931	8.368584	4.361701
1.626438	8.312879	4.678910
1.603562	8.342721	4.674747
1.591297	8.400791	4.714047
1.526850	8.334606	4.379638
1.564568	8.334517	4.641768
1.446629	7.576042	4.234165
1.434831	7.577797	4.224954
1.568486	8.472868	4.727663
1.558444	8.635381	4.788986
1.538573	8.559214	4.757693
1.470018	8.456493	4.348721
1.465823	8.578259	4.414454
1.465073	8.562629	4.407795
1.458873	8.599327	4.424571
1.548352	8.554101	4.762054
1.456775	8.414895	4.338362
1.535148	8.449319	4.719471
1.515642	8.419208	4.681581
1.521866	8.375262	4.680591
1.525402	8.329282	4.644013
1.517652	8.421176	4.699136
1.492169	8.562858	4.771889
1.491874	8.521296	4.768633
1.499331	8.591236	4.810841
1.493610	8.296933	4.671996
1.507651	8.326411	4.695247
1.429646	8.075177	4.228365
1.545742	6.166128	3.467230
1.631339	6.168955	3.825799
1.632874	6.135604	3.818898
1.625820	6.131885	3.814904
1.639972	6.107999	3.801371
1.646424	6.025959	3.780321
1.551040	5.877640	3.393560
1.656075	6.680068	4.120228
1.433459	7.665238	4.603893
1.473542	7.709732	4.668057
1.602611	8.450203	4.859940
1.674376	9.457400	5.481992
1.599781	8.883043	5.072624
1.442476	8.500403	4.787572
1.501697	8.300440	4.822907
1.450066	7.940235	4.277439
1.515189	8.755464	5.029775
1.499303	8.547434	4.647483
1.624067	9.393356	5.431071
1.606125	8.888054	5.066119
1.585693	8.982370	5.148027
1.596935	9.495018	5.513676
1.585323	9.710335	5.144803
1.596660	8.626603	4.926921
1.518647	8.701646	4.968508
1.530961	9.837505	5.523791
1.571253	9.470820	5.496961
1.460469	8.858856	4.718438
1.508698	9.470127	5.270454
1.481445	9.753413	5.282085
1.515292	8.915561	5.092695
1.562912	9.900964	5.381175
1.369889	9.144121	5.156209
1.419564	8.895908	5.078306
1.557982	6.655140	3.573448
1.555653	9.429753	5.330151
1.446268	9.169157	5.057560
1.463108	9.597526	5.089402
1.592723	9.918368	5.673935
1.486218	9.738180	5.181294
1.514078	9.606727	5.485337
1.443130	9.947882	5.199569
1.502349	9.267002	5.170450
1.548596	9.287673	5.519566
1.569226	10.226276	5.838504
1.406441	8.857708	4.984932
1.456360	10.144889	5.595635
1.355302	8.101637	4.700016
1.453880	10.494305	5.600964
1.371209	8.991294	4.931895
1.469721	9.754149	5.279941
1.505125	9.632238	5.184572
1.526681	10.748627	5.848470
1.570408	10.465213	5.869044
1.475846	10.785228	5.637409
1.442153	9.551265	5.191715
1.509415	10.471474	5.844914
1.305132	9.119598	5.103905
1.540418	10.162111	5.639607
1.499730	10.784686	5.929581
1.529562	10.103371	5.667559
1.549482	10.025093	5.701886
1.472820	10.611972	5.876555
1.365837	9.355921	5.233073
1.447824	10.785744	5.964479
1.503010	10.251999	5.671490
1.506038	9.868647	5.568591
1.449206	10.277956	5.451005
1.477900	10.631123	5.864186
1.456024	10.876572	6.023523
1.352394	10.994715	5.709681
1.590669	10.223709	5.736749
1.485154	11.438902	6.219640
1.499656	9.965206	5.496984
1.347052	9.690291	5.270326
1.532269	10.124805	5.625303
1.438079	10.532771	5.807340
1.555377	10.755350	5.951710
1.379834	11.061850	5.575587
1.337803	9.762611	5.287812
1.363800	10.165806	5.316051
1.572664	11.046013	6.110849
1.370962	9.986530	5.509191
1.358930	10.495896	5.829511
1.473836	10.400462	5.645122
1.492121	11.695029	6.282319
1.499736	12.178958	6.589533
1.481829	10.757068	5.816229
1.436584	10.535408	5.710034
1.314308	11.009412	5.534454
1.349685	9.542252	5.415713
1.516051	11.176788	6.315969
1.468491	11.113546	6.041792
1.401047	10.744744	5.642605
1.328596	10.775226	5.467238
1.520657	10.542614	5.894575
1.548793	11.006354	6.097910
1.450469	11.049890	5.995234
1.513694	10.832231	6.008562
1.480835	11.367812	6.149084
1.321485	10.529279	5.736409
1.527681	10.793948	5.891847
1.409020	11.471704	6.038419
1.483582	11.773731	6.362542
1.360044	10.379734	5.299432
1.376287	11.253854	6.105326
1.407322	12.181926	6.534930
1.364655	10.806704	5.956062
1.332764	11.560698	6.025032
1.478777	11.553793	6.295553
1.447771	11.120210	6.055707
1.457623	11.262772	6.175257
1.361848	11.772769	6.070105
1.267059	10.149029	5.496415
1.295130	10.763660	5.818588
1.399265	10.964347	5.927867
1.401665	12.133180	6.440612
1.466406	12.122814	6.496081
1.455291	11.573127	6.198607
1.429407	11.393381	6.266238
1.414663	11.275820	6.039369
1.377059	10.720471	5.859975
1.424816	11.191383	6.274219
1.496596	10.595415	5.888597
1.527957	10.551964	5.958166
1.490000	10.932229	6.103932
1.267035	9.189974	4.983788
1.358798	10.389626	5.724166
1.421823	10.925084	5.578239
1.390706	11.473942	6.014940
1.453173	11.052552	5.905049
1.478955	10.811984	5.914085
1.499085	11.278854	6.253107
1.479665	11.500172	6.340232
1.486125	11.264803	6.169141
1.483373	10.679140	5.954207
1.388881	11.682019	6.219234
1.513944	12.207419	6.628499
1.477278	11.754251	6.419526
1.425241	10.446759	5.769162
1.251859	10.615463	5.733083
1.326891	11.078936	5.684355
1.339147	9.946901	5.553488
1.401467	11.202851	6.127602
1.423162	10.763949	5.995591
1.447462	11.512166	6.225238
1.440947	10.919837	5.864857
1.477064	11.404763	6.265798
1.458727	10.863769	6.026648
1.470328	11.141486	6.098245
1.317240	13.096851	6.497974
1.504148	10.658983	5.889375
1.504962	11.767434	6.543613
1.437071	11.101993	5.796023
1.510567	11.374501	6.258406
1.438338	10.225948	5.673589
1.478320	11.379764	6.286231
1.621985	10.895379	5.859103
1.346596	9.514068	4.901135
1.485685	11.179042	6.026924
1.317137	10.741969	5.478180
1.145570	6.219725	3.753594
1.422786	12.354196	6.783118
1.376140	10.799253	5.824407
1.339913	11.533635	6.247890
1.477438	11.216530	6.101966
1.450766	9.894080	5.465520
1.471884	11.305950	6.148926
1.547914	11.831691	6.572857
1.342168	10.266258	5.574792
1.364566	11.759959	6.149785
1.497227	11.271988	6.151109
1.487919	9.923272	5.689075
1.343936	10.475142	5.863984
1.537744	11.316302	6.210379
1.500400	10.500145	5.718180
1.327705	10.162730	5.566344
1.366761	9.820503	5.485389
1.493557	10.827145	6.119618
1.260608	10.691029	5.659434
1.496411	12.172411	6.516326
1.338767	10.653149	5.758329
1.418955	11.165483	6.046350
1.443487	12.399583	6.516329
1.422583	11.388838	6.199743
1.487690	11.264194	6.300259
1.433175	11.441050	6.017926
1.442138	10.915209	5.876188
1.494952	12.394725	6.730802
1.463353	11.402659	6.087646
1.335918	9.869932	5.535774
1.465806	11.224365	6.126447
1.383404	9.992449	5.635265
1.460543	10.906303	5.974767
1.393480	10.654858	5.956343
1.426073	10.698000	5.856946
1.439398	10.851213	5.851540
1.475641	12.142066	6.605628
1.381641	10.458353	5.795211
1.462582	10.646167	5.867815
1.462517	10.711444	5.870702
1.443051	11.308378	6.194923
1.504637	11.583814	6.286795
1.448071	11.771357	6.511694
1.262019	10.924955	5.804032
1.404431	9.950804	5.631938
1.492146	10.344016	5.823171
1.452407	10.988240	5.925367
1.397557	11.215259	5.881162
1.459542	11.124183	6.084413
1.359383	11.622802	6.018370
1.381630	10.840066	5.883337
1.551819	11.750156	6.226548
1.323545	11.651763	6.149115
1.422423	10.629216	5.717360
1.452947	10.228563	5.544819
1.457012	10.281023	5.596539
1.425092	10.363164	5.572844
1.312455	9.594409	5.158468
1.459664	10.448795	5.646790
1.428075	10.179660	5.242732
1.504600	10.467741	5.634583
1.414625	10.548141	5.397747
1.466691	10.781895	5.756398
1.472628	10.699444	5.746136
1.476159	10.477132	5.620863
1.478627	10.573023	5.677775
1.514446	10.061910	5.491173
1.459020	10.096515	5.158328
1.529263	10.112668	5.465723
1.523625	10.026427	5.411296
1.466311	9.949002	5.114353
1.547420	10.013360	5.457857
1.549892	10.007253	5.461267
1.469862	9.988285	5.118227
1.549059	9.961885	5.425818
1.541942	10.163650	5.500883
1.538630	9.917030	5.388894
1.542982	9.883397	5.389839
1.473227	9.837050	5.054958
1.422687	9.001425	4.905946
1.434502	8.952673	4.844994
1.480800	10.084047	5.158683
1.458546	9.019942	4.925336
1.528329	9.982912	5.421300
1.553847	9.686689	5.321982
1.536490	9.810210	5.317968
1.547380	9.910998	5.384158
1.565723	9.684153	5.301315
1.495179	9.573948	4.967797
1.471763	9.583453	4.951304
1.552267	9.667786	5.321749
1.469247	9.328394	4.820136
1.464750	9.273157	4.790633
1.555100	9.249548	5.113062
1.435897	8.830079	4.831655
1.475831	9.508290	4.917175
1.490632	9.601256	4.974528
1.549479	9.346651	5.141596
1.472388	9.284182	4.834876
1.522279	9.710675	5.348015
1.900250	4.043273	3.045710
1.854960	3.561563	2.556799
1.909075	3.822598	2.989276
1.826704	3.900012	2.693814
1.819176	3.912469	2.687907
1.891570	4.268357	3.191715
1.888219	4.438853	3.281898
1.881544	4.673720	3.393019
1.802170	4.608742	3.033766
1.866658	4.876939	3.480823
1.807787	4.761899	3.129381
1.869295	5.038968	3.553990
1.785066	5.142656	3.294804
1.839806	5.428974	3.735620
1.833765	5.479500	3.750682
1.826048	5.688942	3.848669
1.821370	5.635951	3.825729
1.750619	5.712230	3.563400
1.810596	5.877488	3.932469
1.831154	5.544752	3.782058
1.829381	5.538950	3.774041
1.747918	5.515619	3.452369
1.815641	5.819941	3.902064
1.812825	5.860682	3.924554
1.809229	5.795516	3.884257
1.814764	5.869289	3.939767
1.809657	5.931790	3.954010
1.739994	5.811544	3.599869
1.739756	5.882555	3.627595
1.806860	5.926477	3.960358
1.732610	5.787697	3.588095
1.806197	5.968172	3.971802
1.806649	5.897579	3.942666
1.865202	5.550531	3.814307
1.806535	5.887899	3.929842
1.801876	5.976758	3.977949
1.735583	5.893575	3.638970
1.803877	5.964436	3.968021
1.728405	5.874837	3.630741
1.789938	5.899259	3.946484
1.799149	5.979776	3.987539
1.724347	5.901560	3.650439
1.797249	5.976277	3.982665
1.797237	5.969782	3.983036
1.802607	5.911470	3.964146
1.797089	5.993192	3.985234
1.730527	5.872058	3.643007
1.735785	5.889037	3.665328
1.798382	5.916257	3.961597
1.793615	5.958444	3.981215
1.800419	6.017996	4.009755
1.794399	6.007898	3.991294
1.800266	5.985883	3.986840
1.803191	5.981810	3.987833
1.733265	5.884797	3.658158
1.713203	5.851313	3.608260
1.800184	5.977812	3.990110
1.798901	5.914924	3.958466
1.794409	5.983724	3.987151
1.794085	5.925347	3.959307
1.752868	5.709971	3.802569
1.802028	5.959332	3.974741
1.795980	5.989713	3.984780
1.796118	5.915287	3.955756
1.725617	5.854913	3.632664
1.797740	5.977032	3.982045
1.792939	6.080917	4.030100
1.794293	5.974726	3.984922
1.727964	5.844867	3.616655
1.799229	5.959138	3.982840
1.795442	5.933447	3.958968
1.793461	6.007635	3.989061
1.793023	6.023310	3.996536
1.797861	6.023750	4.003328
1.792553	6.059996	4.019043
1.728108	5.812665	3.609187
1.732549	5.886391	3.649597
1.798859	5.979670	3.983611
1.801202	5.969552	3.977078
1.800670	5.972895	3.975088
1.721340	5.828747	3.612045
1.793938	5.937387	3.957864
1.792837	5.922965	3.965641
1.795410	5.929703	3.967529
1.796307	5.938675	3.957381
1.796769	5.959110	3.977036
1.727950	5.826760	3.615655
1.799875	5.976579	3.986573
1.804735	5.962839	3.976049
1.804198	5.935449	3.962869
1.797844	5.938867	3.962478
1.799158	5.901545	3.950205
1.804012	5.929418	3.966189
1.799859	5.913587	3.951535
1.802819	5.956075	3.969637
1.797363	5.977576	3.986794
1.796697	5.927888	3.962121
1.803118	5.927187	3.973316
1.720896	5.864927	3.632827
1.801392	5.952512	3.970459
1.798931	5.886544	3.944825
1.729324	5.837896	3.620962
1.807833	5.939129	3.975259
1.737102	5.863287	3.637208
1.734160	5.843860	3.627271
1.796307	5.971795	3.977299
1.802415	5.942666	3.974195
1.799271	5.927675	3.954248
1.800106	5.933441	3.960549
1.800552	6.000335	3.993583
1.801475	5.938465	3.967821
1.794197	5.964243	3.975156
1.726891	5.792272	3.587365
1.801509	5.925556	3.961107
1.728672	5.841467	3.615992
1.796738	5.932994	3.974688
1.794063	5.924624	3.966855
1.721366	5.803098	3.586388
1.801033	5.978253	3.993638
1.798747	5.903016	3.952818
1.792809	5.952845	3.959988
1.796608	6.008325	4.005454
1.799017	5.967657	3.986578
1.730989	5.819386	3.615637
1.798056	6.003359	3.995924
1.794363	6.022176	4.009360
1.727294	5.854238	3.626868
1.793606	5.982539	3.979276
1.091321	6.412136	3.484042
1.352423	10.348179	6.155757
1.449881	10.761747	6.137645
1.130212	9.103418	5.074435
1.222162	10.616097	5.801622
1.366727	11.216584	6.135861
1.446724	11.055021	5.801002
1.275878	10.728785	5.639739
1.433699	11.354774	6.272250
1.236044	8.911684	4.835403
1.230401	8.314053	4.751975
1.439389	10.863309	5.728263
1.368093	10.336428	5.406052
1.318949	10.185759	5.710581
1.199498	10.623456	5.597427
1.330948	10.728403	5.719598
1.257404	10.640387	5.455342
1.300459	11.761281	6.023908
1.298685	11.632137	6.079860
1.317455	10.140274	5.595817
1.259573	9.917924	5.199029
1.344726	12.488096	6.361902
1.360449	11.044424	6.008635
1.373901	10.454324	5.634837
1.367219	12.300230	6.308639
1.351307	12.647041	6.467541
1.380809	11.814377	6.119207
1.411511	11.360005	5.716972
1.235297	9.511477	4.860143
1.323232	13.028681	6.411761
1.316769	11.214644	5.598302
1.359975	12.031264	6.212150
1.326518	10.590218	5.674583
1.323346	11.155739	5.856624
1.352764	10.702220	5.525045
1.280431	12.738785	6.261435
1.284171	11.822536	6.012272
1.388864	12.441811	6.469532
1.230017	13.137266	6.648613
1.366417	12.759253	6.597269
1.339969	10.465678	5.455399
1.371287	13.059066	6.786818
1.255622	12.508915	6.375760
1.358138	12.659749	6.393443
1.357070	11.870260	6.108262
1.237515	13.806249	6.838199
1.318916	12.508706	6.301943
1.337659	13.110268	6.756717
1.281486	11.702857	5.899637
1.385092	12.879902	6.668925
1.298229	12.463481	6.438893
1.231895	12.231591	6.132000
1.395145	12.711695	6.709089
1.371369	13.166981	6.764894
1.331875	13.068904	6.582404
1.289080	12.998762	6.597993
1.321213	13.072678	6.442129
1.336219	13.214253	6.786343
1.358543	11.357919	6.015834
1.359377	12.128673	6.068426
1.317353	12.173123	6.257226
1.390381	11.955564	6.147523
1.328226	13.316076	6.768013
1.371509	12.756545	6.772277
1.276933	11.684926	6.006043
1.369066	12.489838	6.347946
1.289574	13.842464	6.917583
1.322515	12.267217	6.285243
1.358226	12.814380	6.625956
1.330239	13.221700	6.669457
1.386024	13.418316	6.796817
1.377324	12.815112	6.431227
1.301409	12.904252	6.655575
1.346952	12.133585	6.347519
1.335886	12.574746	6.615732
1.299463	12.148417	6.200035
1.370586	11.569880	6.171199
1.340467	12.945016	6.273089
1.260677	12.679020	6.550681
1.341283	11.765373	6.018719
1.289810	12.497131	6.374256
1.216479	13.185560	6.730935
1.346005	14.365544	7.283301
1.243185	15.370359	7.541267
1.266479	14.042482	7.106302
1.284904	14.647329	7.334202
1.228160	14.390373	7.030072
1.218510	14.371794	6.916978
1.278335	15.099645	7.566132
1.301064	13.759103	6.969778
1.300970	13.939498	6.863489
1.309376	13.942997	6.956764
1.263081	14.188423	7.006240
1.374998	14.130980	7.053618
1.304925	13.744444	6.898226
1.359068	14.895291	7.296507
1.354686	13.513022	6.863008
1.309854	14.591491	7.370764
1.314359	14.507816	7.226980
1.250431	13.959199	7.046433
1.311944	14.598070	7.342038
1.232408	15.179532	7.583814
1.279570	13.963171	6.904646
1.194292	13.932119	6.822260
1.235517	15.067421	7.509942
1.332308	15.857930	7.857684
1.278532	14.558023	7.243210
1.224137	13.609880	6.647723
1.267500	13.649475	6.793957
1.319835	14.467744	7.330949
1.312709	13.770281	6.808855
1.252435	15.044299	7.361483
1.317301	14.848605	7.422561
1.252315	14.193625	7.034865
1.330998	14.269897	6.949402
1.213760	13.927615	6.956436
1.239892	15.030997	7.376119
1.284923	13.731366	6.800510
1.285885	13.783582	6.876300
1.410874	15.048899	7.333418
1.315666	14.797035	7.392078
1.315849	14.087170	6.991863
1.276271	12.927156	6.561142
1.314152	14.517724	7.207707
1.269706	14.395417	7.260175
1.248163	14.592910	7.184676
1.308077	14.174749	6.791122
1.306899	14.561155	7.168197
1.280971	13.144540	6.642505
1.230793	13.825463	6.801993
1.307404	14.466315	7.096463
1.264251	14.610316	7.308081
1.320233	12.954650	6.459492
1.243011	14.051763	7.065197
1.270970	14.218541	7.201086
1.252412	13.479622	6.662107
1.274164	13.312815	6.628560
1.291854	14.374874	7.210277
1.328156	14.835077	7.276477
1.308070	14.183211	7.182238
1.287711	14.794935	7.373249
1.247345	14.681371	7.296566
1.271078	14.685310	7.174323
1.297978	14.070138	7.228719
1.345525	13.849643	7.007101
1.230003	14.091032	6.962333
1.316209	14.611784	7.211860
1.342299	12.964866	6.640713
1.278429	13.355553	6.574338
1.227256	14.684246	7.329670
1.331987	13.619745	6.698426
1.423595	14.109732	7.350183
1.344571	14.309681	7.101636
1.246790	14.716189	7.163837
1.309852	14.518411	7.302986
1.355233	14.426818	7.200998
1.257849	14.060698	6.864913
1.236826	15.421877	7.548853
1.299945	13.760870	6.860371
1.294659	14.246315	6.934609
1.391447	16.701173	8.252283
1.238055	14.406470	6.981433
1.208950	14.455778	6.944912
1.220778	15.084242	7.440256
1.322720	14.796655	7.561471
1.295730	15.000183	7.552029
1.179103	14.823705	7.166997
1.242150	15.530750	7.781624
1.361002	14.910261	7.328118
1.345700	14.802037	7.401461
1.200715	14.173596	6.926550
1.255726	14.371460	7.139276
1.289882	13.979242	7.007801
1.250427	13.902587	6.924462
1.277550	14.761656	7.274053
1.238707	15.000859	7.436905
1.293303	13.407035	6.743349
1.286440	15.096496	7.465774
1.356319	12.658817	6.414043
1.186939	13.996533	6.958860
1.193730	16.463604	7.871294
1.306052	14.588935	7.297401
1.314239	15.396770	7.545057
1.309472	15.888029	7.771323
1.266565	15.370642	7.519854
1.308403	13.923836	7.062148
1.304159	16.219335	8.042315
1.263915	14.649090	7.224685
1.313321	14.140056	7.122499
1.347858	14.615985	7.311860
1.355226	14.891349	7.522740
1.282128	14.807015	7.399576
1.249103	14.804026	7.310715
1.331395	13.575219	6.704198
1.320669	14.744240	7.342090
1.306325	14.875151	7.302523
1.282437	15.495893	7.695371
1.316407	14.825520	7.577212
1.257663	13.806016	6.809406
1.365583	14.734528	7.399473
1.266270	16.282291	7.920014
1.295958	14.225482	6.913422
1.326123	14.325479	7.192016
1.282259	15.268727	7.397733
1.229375	14.986708	7.305770
1.337117	15.461712	7.732395
1.236812	13.685292	6.666384
1.212809	15.402492	7.417211
1.267742	14.777810	7.461712
1.271949	15.192036	7.587574
1.263974	15.186276	7.648926
1.241002	14.760545	7.380916
1.306471	15.119086	7.489930
1.377181	13.687576	6.763300
1.229440	14.827517	7.264302
1.299106	15.020584	7.521331
1.224300	14.674254	7.038599
1.273684	15.526879	7.505798
1.255231	13.965018	6.881906
1.264300	14.901572	7.314903
1.279115	16.143489	7.910317
1.287335	15.170082	7.436751
1.272162	14.720657	7.086728
1.271600	14.286478	7.101442
1.176980	14.626765	7.076021
1.279881	15.160534	7.519049
1.371128	14.640243	7.282362
1.251968	15.138708	7.509840
1.347655	15.071998	7.661053
1.269227	15.141030	7.431946
1.332150	14.263229	7.021641
1.251182	15.004382	7.502912
1.314671	14.475615	7.186490
1.319210	16.080667	7.926552
1.232007	15.074235	7.467124
1.252202	14.084578	6.982020
1.298375	16.037808	7.967142
1.314222	14.700516	7.352315
1.270390	15.915984	7.939801
1.282650	15.382846	7.577004
1.147304	15.123323	7.315172
1.260687	13.884041	6.856554
1.257464	15.769810	7.619785
1.315864	14.970593	7.626562
1.272013	15.934558	7.752441
1.277039	16.700750	8.214961
1.245942	15.243322	7.538123
1.273563	15.810375	7.795577
1.231560	17.009089	8.195168
1.244065	16.506506	8.072987
1.290899	16.731615	8.171826
1.190942	16.475453	7.939873
1.290659	15.539830	7.719446
1.325122	16.260066	7.989365
1.296556	16.050048	7.980414
1.325090	16.280020	8.004972
1.236483	14.496024	7.163683
1.299085	16.178164	8.001925
1.365861	15.698606	7.657936
1.252214	16.754845	8.225964
1.231069	17.139109	8.414057
1.245971	15.857471	7.811367
1.273940	15.824133	7.804998
1.280049	16.701701	8.125558
1.179504	15.766995	7.419810
1.277794	16.188371	7.822726
1.252779	15.229640	7.381085
1.334672	15.582540	7.655259
1.245939	16.942815	8.269083
1.180427	15.976990	7.608866
1.327623	16.397702	8.198920
1.266952	15.848291	7.788693
1.288769	16.428817	8.167279
1.258603	16.652772	8.252071
1.274620	16.369890	7.963457
1.309015	16.252173	7.884480
1.209132	16.262544	8.045429
1.285070	16.011444	7.876209
1.253082	16.761695	8.096798
1.371488	16.523010	8.244981
1.210702	16.207655	7.682646
1.293737	16.134736	7.904967
1.213918	14.983902	7.252522
1.222573	15.768341	7.613722
1.259113	16.615498	8.110936
1.194845	16.392532	8.079054
1.247613	16.686890	8.227536
1.293985	15.756535	7.762721
1.333141	15.603160	7.664962
1.233476	17.308673	8.404511
1.233032	16.111593	7.886665
1.189566	17.127424	8.130439
1.255431	16.052586	7.647592
1.254029	15.867671	7.918584
1.292381	15.817820	7.851499
1.252533	15.147256	7.455472
1.240356	15.919324	7.781923
1.317962	15.970526	7.933617
1.245007	16.387650	7.812680
1.216138	15.349691	7.540093
1.343544	16.176108	8.013577
1.323609	15.590195	7.731316
1.273009	15.277790	7.470017
1.331716	14.759886	7.519927
1.314495	14.941877	7.382420
1.216940	16.091237	7.746675
1.187991	15.522854	7.314222
1.308367	14.946649	7.430929
1.286042	14.383889	7.148871
1.350382	15.637360	7.834612
1.300849	14.377417	7.063184
1.177681	12.572312	6.199088
1.297773	15.851068	7.804724
1.208898	14.936447	7.193229
1.251875	15.564053	7.603400
1.303061	14.928879	7.328452
1.179096	14.633801	7.089084
1.307231	14.620708	7.203698
1.281880	14.669315	7.279294
1.259510	15.766144	7.898275
1.190097	15.207799	7.220765
1.311607	15.942524	7.809166
1.253058	14.024114	6.933304
1.278224	14.179207	7.044389
1.272921	14.853682	7.289576
1.237433	14.942185	7.543603
1.311504	14.536871	7.126973
1.261625	13.847412	6.721260
1.379549	14.665526	7.336234
1.200972	14.424197	7.104660
1.273192	13.800995	6.724786
1.225135	14.086927	6.842853
1.336805	14.604194	7.167016
1.264649	14.772671	7.336583
1.384792	15.024566	7.497876
1.270353	14.389897	7.015815
1.289295	14.415550	7.106523
1.265143	14.134698	6.907137
1.347657	14.146893	6.989015
1.341022	15.126085	7.464560
1.208007	13.461512	6.713300
1.118725	15.109581	7.352973
1.148592	16.918849	8.088018
1.150238	17.199376	8.459069
1.208643	16.462439	8.102721
1.184247	17.239909	8.434768
1.227467	16.303852	8.119103
1.140260	15.667824	7.657063
1.171228	15.031657	7.368674
1.127382	16.357410	7.898853
1.144897	16.159418	7.859250
1.080716	15.975188	7.679910
1.207470	15.867258	7.697637
1.047767	16.302386	7.908072
1.040288	17.051067	8.295169
1.109974	16.215526	7.700174
1.080326	17.764663	8.571211
1.098952	15.999103	8.053679
1.153871	16.725488	8.119463
1.102666	16.146400	7.849567
1.093404	16.343337	7.981049
1.100082	16.370973	8.029798
1.122372	15.870059	7.800306
1.075117	15.665732	7.744015
1.046101	17.360347	8.311334
1.186646	17.917034	8.769635
1.169985	17.221919	8.334388
1.116567	16.392471	7.979921
1.068472	16.111004	7.725929
1.004649	16.156163	7.863520
1.119255	17.563298	8.541783
1.165664	14.756278	7.421169
1.096697	16.598884	8.211588
1.111711	16.716066	8.038259
1.144873	16.648294	8.094328
1.039992	16.988837	8.526044
1.112908	16.094988	7.985048
0.998751	15.344281	7.451021
1.049176	16.726095	8.304398
1.015869	16.981991	7.969179
1.089493	15.998925	7.770067
1.095614	15.573092	7.620548
1.054030	16.188080	7.786650
1.085575	17.342520	8.425896
1.047342	16.081553	7.725883
1.102454	16.778493	8.161598
1.163378	15.958594	7.799924
1.029549	15.177050	7.592266
1.096751	17.042065	8.341292
1.061566	17.706403	8.499583
1.090347	16.152190	7.899078
1.022423	16.533377	8.045692
1.114198	15.786101	7.734970
1.083434	15.566713	7.624237
1.102364	15.683483	7.607976
1.073549	15.306978	7.250043
1.080649	16.847922	8.216736
1.078854	16.231968	7.703952
1.112366	15.103344	7.413997
1.011179	16.914113	8.328482
1.130432	17.120847	8.152542
1.049664	15.989663	7.726010
1.146074	17.983424	8.586039
1.091082	15.393585	7.554528
1.112561	14.794185	7.410392
1.084160	17.528130	8.529346
1.111330	14.892610	7.268472
1.046993	14.729582	7.301790
1.160421	13.525127	6.783636
1.124305	16.909084	8.384779
1.079757	16.147690	8.062866
1.135935	15.011920	7.318545
1.120677	14.795759	7.290922
1.132670	15.164852	7.140032
0.991202	15.801968	7.595977
1.094607	16.874011	8.323444
1.129677	15.199591	7.546552
1.124726	15.711399	7.673527
1.119838	15.613212	7.651440
1.141532	15.769529	7.535541
1.140645	14.850613	7.303105
1.211686	18.887680	9.412594
1.121322	16.527267	8.032912
1.043049	16.213438	7.861930
1.011141	15.747480	7.709427
1.148293	15.738772	7.787096
1.069902	17.185691	8.315219
1.146644	15.848139	7.774866
0.994765	16.771904	8.064125
1.131269	15.722714	7.484751
1.135903	18.178051	8.863712
1.165604	16.177594	8.009285
1.092776	16.296514	7.976601
1.140137	15.924510	7.643638
1.203807	16.236458	8.168934
1.108316	16.219854	7.986238
0.973750	14.760454	7.215204
1.194445	16.989536	8.246242
1.123709	16.427686	7.991927
1.045215	18.034058	8.473963
1.105110	17.686568	8.581520
1.051326	18.167266	8.867628
1.114405	16.567122	8.066506
1.174941	16.175485	7.840978
1.186398	18.049401	8.816184
1.181955	16.917498	8.384771
1.118150	17.672040	8.507542
1.155024	16.941625	8.245149
1.175994	16.814768	8.200476
1.189172	15.638065	7.774034
1.165728	16.150983	7.963517
1.178379	16.854088	8.298319
1.124026	17.198465	8.283199
1.190567	16.944780	8.300562
1.125635	17.613066	8.582729
1.114146	16.229511	7.880198
1.109122	15.918389	7.736241
1.146252	18.045375	8.740847
1.095613	17.889512	8.866863
1.128951	17.631184	8.590115
1.112817	16.788555	8.287500
1.174486	16.693211	8.246322
1.153994	16.917836	8.475696
1.202564	16.610354	8.376272
1.242728	16.332936	8.115204
1.174414	17.270561	8.650310
1.146536	17.450578	8.466332
1.187439	17.280101	8.561569
1.202581	15.977980	7.775478
1.201260	16.729405	8.248263
1.046206	17.398900	8.307211
1.169905	17.007879	8.274327
1.175368	17.638101	8.760816
1.143042	17.598492	8.654747
1.239553	17.334563	8.573572
1.161883	16.626962	8.090271
1.186704	16.964919	8.356110
1.194822	17.429819	8.607202
1.213779	17.759577	8.839421
1.190938	17.483925	8.600401
1.099995	18.257089	8.717218
1.124331	16.807222	8.077166
1.057912	16.613453	8.056014
1.407445	6.822642	3.613238
1.426048	9.861813	5.199138
1.283954	10.090171	5.200747
1.348864	9.238082	4.879042
1.401489	9.959741	5.318906
1.324976	8.236511	4.535042
1.339068	8.907505	4.772037
1.113480	9.645926	4.458989
1.337173	10.371581	5.530711
1.061204	10.782945	5.060792
1.409043	8.745015	5.105356
1.334582	9.233552	4.880035
1.352187	10.515135	5.416440
1.268814	10.409247	5.410281
1.268705	10.471206	5.532045
1.318121	10.217665	5.536348
1.239042	11.124334	5.679556
1.173344	11.435953	5.873685
1.187112	11.065469	5.632381
1.262655	11.789684	5.746570
1.238546	9.632493	5.084551
1.195086	10.980018	5.819997
1.232900	11.631045	6.035486
1.201020	11.504711	5.960078
1.232435	11.885699	6.077668
1.218319	11.853620	6.104025
1.194167	11.804351	6.021847
1.214680	11.603710	6.167675
1.204376	12.266514	6.486995
1.221794	11.794918	6.020035
1.162721	12.189645	6.309904
1.159468	11.745374	5.952818
1.117023	11.795891	6.009147
1.177997	11.482709	5.905287
1.162142	11.930063	6.173167
1.168347	12.163606	6.236245
1.134124	12.428233	6.211827
1.128921	12.372735	6.287196
1.135219	12.221305	6.170254
1.178451	11.641852	5.938679
1.216145	11.512516	5.863958
1.177538	12.175775	6.308707
1.181347	12.040598	6.185619
1.167439	12.470166	6.287504
1.119751	12.194258	6.158695
1.005090	13.147543	6.867302
1.094800	12.031586	5.999804
1.079518	12.497017	6.368731
1.130017	11.802047	6.144396
1.270520	10.108289	5.302405
1.213998	10.324993	5.596645
1.035709	12.847218	6.643241
1.143417	12.417883	6.514728
1.100121	13.000506	5.828802
1.256404	5.977052	4.638384
1.414632	11.198060	6.100410
1.208542	12.532417	6.479963
1.176195	12.535435	6.648282
1.026660	11.344397	6.039078
1.273499	11.530792	5.965322
1.175585	13.331377	7.108161
1.144583	12.485736	6.412874
1.255621	12.117127	6.473405
1.114322	12.859604	6.505501
1.182886	12.720602	6.653401
1.152984	12.896204	6.600319
1.178645	13.110969	6.746109
1.230115	13.238556	6.833755
1.144296	13.053123	6.591563
1.223090	13.157869	6.722662
1.198709	13.608593	7.004893
1.160057	13.057711	6.660681
1.152844	12.833186	6.528449
1.159684	13.290813	6.851769
1.174681	13.167664	6.676173
1.262009	13.601404	7.004264
1.168575	12.826934	6.592611
1.130645	13.151713	6.837002
1.188839	13.278439	6.991537
1.104255	13.529036	6.918252
1.191879	13.013264	6.660341
1.150033	13.372117	6.791764
1.128408	13.690876	7.045211
1.110979	14.026201	7.091609
1.165831	14.512957	7.261230
1.142145	14.153182	7.213383
1.110094	13.401448	6.852122
1.131181	13.968589	7.058366
1.087866	14.083189	7.046368
1.109965	14.182604	7.230629
1.190601	14.102311	7.145761
1.177565	14.499076	7.332820
1.165005	14.199580	7.161519
1.058177	13.697948	6.859942
1.108135	13.161123	6.721031
1.130474	12.886084	6.461254
1.156049	12.854536	6.452607
1.166698	13.163000	6.691153
1.121217	13.049843	6.593512
1.205240	12.635508	6.522668
1.158938	13.531884	6.791299
1.067072	14.090469	7.242297
1.032439	14.336998	7.195421
1.074058	14.485932	7.368426
1.145864	14.625466	7.403387
1.128300	13.298072	7.025271
1.101032	13.671784	6.982896
1.084465	13.597897	6.865943
1.174692	12.904225	6.646472
1.149168	13.709597	7.106825
1.106995	13.613376	6.856083
1.110133	13.120359	6.600208
1.126654	13.500516	6.778987
1.172733	13.249363	6.697411
1.201934	14.284779	7.175107
1.142515	13.041528	6.653426
1.166383	13.035659	6.637501
1.189821	13.253624	6.754940
1.293203	13.224540	6.733807
1.166733	13.300814	6.736394
1.149842	12.824793	6.569160
1.230924	13.544981	6.949279
1.135050	13.093508	6.678266
1.266294	13.816136	6.962097
1.112934	13.702705	6.865882
1.041385	13.965273	7.023076
1.132434	12.662079	6.440549
1.053501	14.019089	7.014825
1.029992	15.043381	7.495636
1.028506	14.670063	7.311702
1.129251	13.499412	6.766242
1.170278	13.676442	6.998917
1.146546	13.709597	6.988636
1.085622	13.850907	6.889886
1.146625	14.665712	7.415260
1.110691	13.533624	6.822738
1.195862	12.230545	6.219777
1.168078	13.566414	6.871041
1.129084	13.545213	6.912998
1.117510	13.436406	6.902030
1.174627	13.729058	6.838157
1.072523	13.518905	6.758117
1.081881	13.625331	6.847259
1.101761	14.365156	7.276733
1.173578	13.921990	7.034877
1.042482	14.801102	7.459280
1.124951	13.258363	6.724858
1.070723	14.176094	7.149216
1.073243	13.879033	6.878486
1.159248	13.558767	7.032435
1.111105	14.147626	7.116560
1.165655	14.168390	7.159687
1.048704	14.093111	7.030778
1.143187	13.171427	6.655849
1.120316	13.695579	6.926125
1.086062	13.696704	6.904543
1.144977	13.353431	6.794459
1.089022	13.946601	7.074122
1.160397	13.499292	6.837355
1.014450	14.126017	7.068456
1.055080	13.860763	7.135843
1.180715	13.499017	6.869803
1.111970	14.700280	7.387430
1.060891	14.097426	7.088112
1.064459	14.137970	7.099616
1.138478	14.334999	7.349390
1.083264	13.611573	6.832527
1.122231	13.799428	6.951013
1.041897	14.251874	7.200732
1.110184	14.201232	7.209325
1.010482	14.955081	7.443289
1.045531	14.027154	7.083909
1.067879	13.810594	7.030539
1.102927	15.141122	7.586784
1.083608	14.262648	7.235644
1.092396	14.557841	7.491985
1.032366	14.392212	7.283510
1.135108	14.858393	7.404675
0.964108	14.450529	7.247630
0.994638	14.941694	7.511240
1.056045	13.839128	7.086717
1.088860	14.344861	7.449361
1.060362	14.233036	7.012973
1.058461	14.998770	7.714034
1.032940	13.859648	6.933388
1.054106	14.213392	7.158207
0.999878	15.469834	7.727805
1.065613	15.023760	7.657195
1.009086	15.017776	7.463994
0.966253	14.335488	7.157257
1.084773	15.295201	7.635761
1.025100	15.064966	7.522642
1.079968	15.486076	7.765422
1.053793	13.716447	6.916847
1.201010	14.356823	7.303715
1.046817	14.727068	7.378569
1.065957	14.418635	7.270716
0.977894	14.333062	7.217550
1.059826	15.043084	7.819992
1.019254	14.637171	7.304529
1.023624	14.226061	7.298600
0.965020	14.969807	7.422319
1.023119	13.987411	7.006461
1.085267	13.998845	7.101552
1.034221	15.028999	7.589253
1.008225	15.095891	7.615025
1.048942	14.196864	7.037734
1.008427	14.381369	7.215115
1.078356	14.821774	7.724070
1.000325	14.193666	7.147859
1.141142	14.679976	7.359576
1.042704	13.610484	6.938475
1.039637	13.945582	6.905681
1.152572	14.904886	7.496554
1.133507	15.303845	7.646667
1.062874	14.917339	7.409227
1.066619	13.438041	6.783461
1.072725	14.042261	7.171862
1.067261	14.214219	7.128954
1.067154	14.861260	7.684806
0.998760	14.357486	7.127266
1.022879	14.035337	7.033207
1.003076	14.641676	7.298792
1.037285	14.236405	7.198404
1.124508	13.867048	7.007287
1.017297	14.075557	7.071633
1.026232	14.180205	7.023502
1.082883	13.886430	7.008981
1.019245	14.339690	7.145870
1.050056	14.676044	7.392621
1.072795	14.231771	7.036738
1.048809	14.472501	7.255447
1.093103	13.948258	7.179229
0.999218	13.773133	6.988516
0.981248	14.092217	7.003298
0.973744	14.670352	7.288705
1.059266	13.881314	7.014535
1.005121	14.093144	7.079721
0.968706	14.370892	7.140007
1.026233	14.487914	7.270945
1.016438	14.491278	7.211723
1.058971	13.638955	6.723038
1.050748	14.198182	7.139102
1.010477	13.571355	6.790350
1.102138	14.056999	7.038485
1.053909	14.315349	7.274633
0.980501	14.551060	7.153016
1.095487	13.026155	6.592396
1.037147	14.397785	7.286111
1.032499	13.866541	7.017415
1.067051	14.046004	7.121660
1.008200	13.793362	6.961129
1.049787	14.448819	7.169579
1.068798	13.992342	6.994175
1.116936	14.472953	7.210248
1.093544	14.236322	7.004796
1.099682	13.834525	7.130167
1.021509	13.844594	6.879379
1.051987	13.502506	6.756610
1.051758	13.951908	6.899161
1.038241	14.202203	7.269931
1.039244	14.379575	7.170715
1.085141	14.126580	7.050779
0.961831	14.454006	7.209401
1.008212	14.227771	7.082129
1.062732	14.192613	7.083558
1.050372	13.700905	6.804231
1.007643	14.733530	7.315090
1.016428	14.011940	6.916007
1.083787	14.013150	7.088683
1.077465	13.056946	6.580753
1.037872	14.164221	7.094996
1.057559	14.381785	7.159002
1.038195	14.639618	7.374386
1.050108	13.974834	7.018999
1.104323	13.637235	6.821495
1.136987	14.084569	7.042974
1.017507	14.705981	7.300067
1.018367	14.427130	7.158086
1.034081	13.697079	6.845069
1.020087	14.346492	7.101457
0.992416	14.234466	7.033105
1.099385	13.300862	6.718396
1.027555	13.512681	6.766032
1.061721	13.694699	6.854433
1.006931	14.276161	7.144468
1.101868	15.064093	7.413613
1.064523	14.683531	7.219310
1.001817	14.374083	7.371210
0.983326	13.959956	6.972311
1.001050	13.805944	6.913215
1.117514	14.591639	7.267761
1.055510	15.264954	7.653183
1.035801	13.493885	6.735316
0.973240	13.715413	6.888944
1.031817	13.698614	6.852305
0.981253	13.942045	7.002781
0.951181	14.234920	7.149373
0.992449	13.598798	6.809949
1.078166	13.586913	6.991084
1.014387	13.663033	6.898095
0.985277	14.072717	7.007181
1.122652	13.092919	6.762155
1.054521	13.040787	6.582804
1.040535	13.474730	6.929708
0.974607	14.162103	7.126465
1.062125	13.658331	6.812443
1.033543	13.768484	6.889788
1.057704	13.794027	7.016873
1.078521	12.655710	6.422396
0.980510	12.951773	6.501838
1.002165	13.780799	6.922499
1.018089	13.270778	6.677442
1.065555	13.308688	6.687843
1.139299	13.141495	6.735535
1.165342	13.715353	6.939342
1.080961	12.788533	6.475658
1.083179	12.723760	6.441207
1.149157	11.167149	5.810167
1.146438	11.242608	5.731056
1.110220	11.073675	5.693163
1.200167	11.665720	6.009834
1.092301	11.208858	5.800018
1.171993	11.437794	6.017411
1.118473	11.646618	5.953678
1.189076	11.104893	5.946789
1.122846	11.462491	5.829924
1.107248	11.686741	5.926203
1.120924	11.643724	5.948801
1.125192	11.443168	5.853910
1.113658	11.818729	6.041088
1.207396	12.673842	6.489002
1.119473	11.904451	6.094613
1.184071	12.142746	6.233329
1.124351	11.689365	6.030573
1.114001	11.503631	5.905215
1.121612	11.574068	5.927090
1.104110	11.715438	5.986397
1.110225	11.848225	6.059483
1.089404	11.778976	6.030470
1.066519	11.764121	6.043354
1.073344	11.798154	6.040741
1.160957	12.306998	6.272136
1.105324	11.668568	5.994707
1.171610	12.186280	6.291402
1.092344	11.677661	6.016218
1.062576	11.691258	5.985072
1.079134	11.318224	5.780794
1.088822	11.303049	5.774183
1.166495	11.609214	5.993459
1.088407	11.506234	5.932227
1.100120	11.469882	5.882822
1.175093	10.913197	5.809358
1.125966	11.229648	5.748592
1.178484	11.353490	5.999331
1.107704	11.181875	5.773485
1.098471	11.638702	5.988136
1.187504	11.603443	5.990078
1.113902	11.300790	5.813753
1.118748	11.441158	5.891458
1.134277	11.184873	5.872198
1.145626	11.141760	5.941708
1.127381	10.663545	5.564609
1.108518	10.855049	5.621785
1.173770	10.821855	5.790710
1.173488	10.530382	5.680881
1.132175	10.786923	5.594131
1.130798	10.938949	5.686062
1.179242	11.075328	5.780043
1.240416	10.831178	5.703845
1.140655	10.349793	5.412186
1.129774	10.505983	5.468641
1.184642	10.458534	5.665752
1.186652	10.662511	5.775773
1.118683	10.999965	5.683192
1.133263	10.191357	5.329464
1.149661	10.302970	5.408386
1.151693	10.075251	5.337867
1.211902	9.766720	5.201159
1.156338	10.376251	5.441164
1.172717	10.129047	5.332928
1.189751	10.067790	5.345638
1.188600	10.114522	5.339133
1.206650	9.791107	5.224385
1.192959	10.342134	5.482056
1.175836	10.278846	5.435235
1.174641	10.140376	5.337555
1.208658	10.233940	5.568039
1.253007	9.868405	5.425130
1.269281	10.133172	5.413475
1.188146	10.201817	5.377760
1.280785	10.858203	5.765327
1.214730	9.692160	5.155199
1.239611	9.572404	5.187843
1.342111	9.423107	5.077276
1.270727	9.464264	5.252641
1.269044	9.858336	5.286981
1.218614	9.622722	5.154767
1.206423	9.372545	5.014282
1.259736	9.412671	5.186656
1.198635	9.712430	5.177847
1.205791	9.282133	4.965680
1.284600	10.284631	5.515423
1.211158	9.816832	5.239905
1.211032	9.575986	5.086269
1.239239	9.244178	4.945387
1.246945	9.025441	4.893026
1.276868	10.126864	5.392053
1.268263	8.855192	4.801530
1.254802	8.949681	4.837012
1.311992	8.928377	5.014869
1.279260	8.348013	4.626218
1.281538	9.074442	4.942857
1.300654	8.830611	4.971456
1.241493	9.012072	4.875831
1.249145	9.187089	4.954317
1.216234	9.517311	5.084574
1.239238	9.043423	4.886825
1.231318	9.212087	4.958374
1.263300	9.010304	4.892301
1.333893	9.167434	4.987650
1.234081	9.095850	4.914883
1.244840	9.249102	4.995791
1.217829	9.515569	5.109489
1.240888	9.276724	4.989610
1.270367	10.165568	5.417383
1.216845	9.521594	5.119326
1.253998	8.972058	4.880530
1.178255	9.787201	5.189385
1.269561	10.144504	5.385595
1.298092	10.151315	5.464354
1.235946	9.171959	4.944844
1.350812	8.506750	4.850834
1.321626	9.713795	5.256593
1.210715	9.544137	5.104996
1.196444	9.755348	5.204165
1.239746	9.738111	5.392993
1.206573	9.555246	5.117627
1.228034	9.223270	4.980777
1.500940	6.307522	3.753767
1.092153	14.175923	7.104180
1.113854	12.956344	6.624510
1.164858	13.306362	6.711923
1.122195	12.551169	6.427858
1.147894	13.407263	6.868757
1.207052	13.548138	6.958696
1.202605	12.429210	6.648880
1.276426	13.381958	6.913396
1.109493	12.182422	6.242107
1.166919	13.916300	6.995337
1.198384	12.634991	6.694594
1.222842	13.138871	6.761696
1.118215	12.558793	6.565174
1.158828	13.856289	6.942759
1.209113	12.598899	6.555694
1.205684	13.031174	6.679055
1.239490	13.347738	7.031193
1.117630	13.613901	7.014976
1.176655	13.392165	6.849292
1.377022	11.971610	6.328929
1.124469	13.342260	6.836480
1.115898	13.374414	6.750584
1.164528	13.019099	6.782670
1.170822	13.579349	6.811256
1.188015	12.906848	6.658213
1.146496	12.693810	6.504452
1.152424	12.758217	6.572720
1.111563	12.961919	6.687401
1.194882	13.482777	7.050738
1.116632	13.518778	6.886339
1.291299	13.358651	6.980092
1.131661	13.474240	7.032115
1.183754	14.159106	7.122955
1.164596	13.415199	6.823150
1.144658	12.233520	6.250208
1.159853	13.040456	6.811685
1.140126	13.063182	6.706415
1.173550	13.148694	6.935554
1.140034	11.998075	6.146466
1.108581	13.723134	7.108077
0.739377	13.895668	7.085473
0.843885	20.812414	9.986495
0.983924	19.229244	9.088617
0.940182	16.332003	7.578045
0.984012	15.787393	7.606233
0.978006	14.284711	6.872521
1.010615	15.316467	7.426851
0.993180	15.236323	7.367880
0.896913	11.358726	5.234154
0.935461	12.813690	5.940641
0.987470	13.427979	6.528126
1.043793	9.940511	4.981561
0.648814	7.942107	4.203112
1.015932	11.734233	5.757946
0.684859	6.623414	5.348541
1.129217	12.697009	6.163708
1.005449	33.733199	15.868490
1.199622	13.796668	7.851064
1.026861	11.483568	5.716360
1.363828	53.008589	28.728508
0.927262	10.559341	5.763131
0.875981	11.562334	5.564485
-0.023607	1.949059	-1.161628
0.932339	11.149945	5.908129
0.949698	12.078334	6.316691
0.961427	6.968954	3.028467
0.850363	11.183416	5.969328
1.053449	10.649351	5.591779
1.205961	11.584664	5.890617
0.829419	10.711678	5.628825
0.863991	11.255708	5.712293
0.977854	11.410148	6.104664
0.973683	11.593801	6.117365
1.843656	7.938948	7.980910
0.920225	11.121344	5.729205
0.908033	10.304834	5.334782
0.988756	11.892014	6.229032
0.877580	11.048949	5.760531
0.904780	11.237462	5.701532
0.815478	10.290762	5.446227
0.964509	11.708040	6.251511
0.812963	11.292520	5.930982
0.935860	11.477937	6.073472
0.945992	11.317208	6.024582
0.918410	11.622762	6.075015
0.905386	11.573536	6.023009
0.910503	11.795348	6.131463
0.923142	11.134417	5.938022
0.910346	12.068764	6.314753
0.918202	11.984930	6.391249
0.921918	11.454997	5.938282
0.863846	11.686210	5.905772
0.869433	12.161883	6.103346
0.956044	11.554547	6.139719
0.910786	12.077119	6.272683
0.750567	11.448189	5.970437
0.786038	11.455306	5.636412
0.800003	11.947255	6.202290
0.785747	11.255195	5.839304
0.888512	13.010455	6.753059
0.875781	12.307126	6.173999
0.890509	11.849150	6.313229
0.914699	11.774282	6.184716
0.922097	11.834294	6.211084
0.928248	12.057113	6.207054
0.904493	12.344042	6.414090
0.894743	12.585883	6.551713
0.897917	12.326880	6.295837
0.856455	12.046374	6.199651
0.884685	12.111727	6.210945
0.901904	12.695428	6.601338
0.871868	12.696431	6.603521
0.942276	12.414573	6.478591
0.808527	12.496245	6.114537
0.876248	12.998031	6.626916
0.930025	12.266502	6.413457
0.806855	13.192259	6.428514
0.922334	12.564514	6.550853
0.931036	11.953105	6.226136
0.853980	12.096113	6.319242
0.946395	11.752574	6.122843
0.751745	11.677325	6.206450
0.825073	12.803322	6.371669
0.952335	12.279832	6.446121
0.936970	12.174793	6.280326
0.914814	12.409035	6.460523
0.916007	12.120786	6.301418
0.875496	12.473492	6.459482
0.870354	12.433542	6.398885
0.902015	12.691014	6.542953
0.815359	12.269658	6.086011
0.881551	12.291094	6.322520
0.929263	12.041895	6.286290
0.771190	11.009172	6.174496
0.869975	12.739127	6.828214
0.850772	12.225391	6.286037
0.755598	10.356884	5.363861
0.879227	11.982991	6.270458
0.928999	12.688633	6.584267
0.824589	12.658652	6.561496
0.927835	10.595082	5.626123
0.934614	12.728286	6.603543
0.845304	11.122467	5.862690
0.880651	12.220420	6.381343
0.880784	12.988619	6.631491
0.884759	13.036335	6.667541
0.788744	11.791914	6.086016
0.774434	13.533950	6.576934
0.856813	12.914048	6.620143
0.843621	12.651449	6.530527
0.862212	12.669269	6.512767
0.870382	13.013711	6.712120
0.877642	12.543185	6.525190
0.768546	12.281801	6.311866
0.890435	12.749691	6.616472
0.853757	13.152943	6.714891
0.857591	13.099357	6.761925
0.904601	12.817273	6.595360
0.736538	12.520881	6.277366
0.739461	12.106245	6.185358
0.869890	12.748948	6.642595
0.903269	13.027611	6.744280
0.864441	13.130926	6.690378
0.804508	13.139775	6.447916
0.868802	13.231757	6.887602
0.859785	13.115454	6.664432
0.846860	13.058514	6.617009
0.893169	12.825525	6.608293
0.754485	13.095630	6.542344
0.729862	12.110417	6.130637
0.866747	12.895569	6.571981
0.875421	13.625882	6.926810
0.823149	13.234694	6.753956
0.696598	12.053111	6.150108
0.764946	11.994989	6.169247
0.837928	13.434531	6.843161
0.821751	13.099415	6.391839
0.897297	12.957237	6.746379
0.909988	13.378379	6.946218
0.867386	12.682708	6.479136
0.913908	11.970872	6.106845
0.842807	12.821389	6.561205
0.861758	12.868515	6.558283
0.854581	12.978222	6.606453
0.924090	13.094242	6.753892
0.858145	12.254314	6.294196
0.939596	12.842192	6.629043
0.843637	13.513200	6.898894
0.866161	12.758381	6.412607
0.814689	12.827919	6.503417
0.891235	13.017311	6.663198
0.866092	12.626843	6.452471
0.851749	12.109745	6.208209
0.865703	12.570484	6.505911
0.840789	12.992209	6.582259
0.833843	13.070416	6.585672
0.861927	13.111281	6.736676
0.774984	12.292503	6.326040
0.891880	12.708132	6.485573
0.881436	13.068107	6.776347
0.868083	12.846005	6.571511
0.893465	12.920389	6.671103
0.783462	13.228381	6.438302
0.752752	13.944080	6.712217
0.840754	13.010770	6.661795
0.832752	13.600151	6.881988
0.776199	13.445517	6.796600
0.718789	12.718943	6.384159
0.843277	13.054248	6.622542
0.823739	13.305579	6.790288
0.762684	13.106641	6.288579
0.812613	13.959559	7.030010
0.782219	12.837922	6.349542
0.859216	13.231535	6.770768
0.805352	13.060398	6.301284
0.850409	13.282738	6.747598
0.844270	13.339673	6.914909
0.783474	13.145589	6.469918
0.835012	13.265604	6.680803
0.845703	13.270893	6.725275
0.731796	12.265494	6.181193
0.862273	13.406991	6.719977
0.642355	12.935873	6.461698
0.861804	15.768514	8.469116
0.885437	12.470524	6.374288
0.769031	14.685696	7.220724
1.000470	13.916560	7.004867
0.785115	11.855185	6.191167
0.900831	12.839390	6.670635
0.897898	12.836337	6.643112
0.926653	12.264195	6.371505
0.861133	12.148761	6.279161
0.808186	13.447739	6.585017
0.997796	12.093740	6.382872
0.904571	12.145438	6.446276
0.892133	13.165658	6.694345
0.841131	12.733289	6.545978
0.871206	13.519834	6.827872
0.876194	13.078819	6.629963
0.734830	11.896604	6.018297
0.755673	13.006343	6.594758
0.856416	13.438591	6.938012
0.760765	13.404809	6.456635
0.852822	13.087917	6.674333
0.832487	13.689828	6.679086
0.856703	13.303360	6.923084
0.853251	12.711611	6.606315
0.838762	14.165426	7.172710
0.881717	13.356986	6.934474
0.859046	13.458418	6.952257
0.842269	13.614366	6.858733
0.854472	12.370443	6.383591
0.823999	12.978725	6.417963
0.869750	12.077228	6.343463
0.891318	10.714499	5.724366
1.176879	11.427004	6.385926
0.642455	9.120715	4.849352
0.872174	12.805824	6.585669
0.840400	12.421961	6.128711
0.876863	12.354713	6.537973
0.874428	12.900211	6.747556
0.812497	13.460197	6.702831
0.765455	12.463001	5.993342
0.846026	12.855425	6.639578
0.820203	12.334833	6.041069
0.940656	12.279034	6.305167
0.847652	12.760439	6.500819
0.905276	12.351891	6.853174
0.968786	12.600370	6.823519
0.813214	12.579496	6.195080
0.808235	12.751199	6.305199
0.817357	13.298521	6.727949
0.866886	12.753281	6.479622
0.841038	13.358056	6.766184
0.780442	12.924610	6.222109
0.704165	13.280395	6.677295
0.859670	13.289936	6.749883
0.767317	13.296640	6.421639
0.812396	13.176185	6.639370
0.831229	12.882603	6.579687
0.789840	12.932941	6.521318
0.785662	13.582150	7.327051
0.706217	13.975835	6.884012
0.889032	14.579058	7.679737
0.782532	13.369810	6.461112
0.688769	13.106672	6.567368
0.807482	13.049448	6.590669
0.874415	13.570790	6.928795
0.836801	13.281061	6.773720
0.831742	13.876756	7.083207
0.682208	13.114934	6.496700
0.868641	14.053090	7.015547
0.826131	13.439435	6.857024
0.801219	13.814219	6.942553
0.717258	13.775187	6.566696
0.815369	14.050819	7.005396
0.756846	14.227799	7.130377
0.681196	14.133730	6.750417
0.809487	13.746480	6.890001
0.778529	14.011375	7.007853
0.714111	13.355033	6.671222
0.653681	13.440844	6.685392
0.774208	14.710351	7.360489
0.749355	14.259526	6.998794
0.768945	14.334319	7.117663
0.616344	13.790862	6.788108
0.718203	14.806368	7.016850
0.744333	14.822427	7.319661
0.606798	14.001323	6.934640
0.749759	15.101121	7.503850
0.766678	15.165749	7.533918
0.630016	14.690145	6.956617
0.740764	14.640217	7.270127
0.753274	14.164802	7.032550
0.764255	15.093967	7.482843
0.746637	14.205229	7.091349
0.663886	13.537407	6.735586
0.761424	14.392238	7.172244
0.733903	14.521038	6.887836
0.739512	14.097327	7.090818
0.794645	14.059921	7.095325
0.753552	14.470299	7.190645
0.784038	14.545956	7.197756
0.747453	14.411020	7.162103
0.764094	14.272747	7.094513
0.679686	14.116829	6.731188
0.670522	14.482181	6.827775
0.751082	14.955041	7.397673
0.775081	14.726734	7.302192
0.756393	14.671832	7.290923
0.663395	14.670696	6.965722
0.784617	14.806048	7.405596
0.625340	13.722431	6.752970
0.773289	14.510889	7.170042
0.724419	14.437442	7.135691
0.696979	14.517606	6.861868
0.735716	15.078045	7.499717
0.816380	14.373908	7.080772
0.626215	13.950470	6.873272
0.758299	14.839053	7.352527
0.773114	14.632648	7.282712
0.755929	14.637716	7.231047
0.735105	14.703241	7.265624
0.658471	13.657860	6.750905
0.646568	14.824304	6.960688
0.723855	14.718136	7.266474
0.648621	14.827183	7.001019
0.566786	13.646824	6.714396
0.647470	14.769213	6.951259
0.713767	14.374587	7.099710
0.706038	14.938608	7.388417
0.709371	15.090570	7.429751
0.745000	14.620590	7.223931
0.758655	14.317674	7.121128
0.755456	14.238640	7.063253
0.720895	14.612315	7.216793
0.723236	14.886793	7.386577
0.696590	15.145762	7.472325
0.605254	14.014357	6.923560
0.709930	15.265077	7.503654
0.721236	14.825338	7.362207
0.697832	15.373487	7.464911
0.712049	14.609409	7.234891
0.687450	15.278386	7.496707
0.683001	15.463848	7.362785
0.726886	15.258088	7.523488
0.735783	15.430082	7.635914
0.709224	15.609530	7.655564
0.742899	15.089411	7.452661
0.692714	15.447700	7.631515
0.703075	15.414556	7.636319
0.744724	15.361040	7.605313
0.703168	15.413353	7.557828
0.562128	14.748709	7.222129
0.713750	14.975295	7.500823
0.654769	15.464758	7.249606
0.741654	15.364262	7.642532
0.730143	15.662981	7.805364
0.710434	15.672747	7.750911
0.593600	14.364128	7.080478
0.674062	15.677369	7.674958
0.640377	15.732219	7.444138
0.717411	15.139631	7.473891
0.678769	15.710335	7.740916
0.637132	15.545023	7.319686
0.699973	15.477356	7.566169
0.749377	15.019961	7.402311
0.674703	15.626870	7.627401
0.716648	15.708214	7.698798
0.722367	15.455844	7.597200
0.677110	15.457134	7.610741
0.728984	15.454782	7.638263
0.715339	15.503258	7.646199
0.711210	15.359960	7.584269
0.695543	15.236010	7.511400
0.695099	14.804498	7.307684
0.672112	14.796012	6.979229
0.671348	15.188143	7.459954
0.601389	14.531171	7.093253
0.699293	15.255503	7.520733
0.650750	15.447772	7.258938
0.719724	14.583201	7.194849
0.724280	15.427681	7.599131
0.595830	15.287891	7.231026
0.697397	15.175844	7.493010
0.583293	14.215574	7.007591
0.706066	14.968142	7.345719
0.651466	15.162068	7.181520
0.713582	14.943347	7.390955
0.692774	15.272329	7.472074
0.678248	15.114424	7.435760
0.706389	15.733051	7.820342
0.708083	14.976263	7.384818
0.711677	15.218587	7.530157
0.682969	15.210796	7.529735
0.678328	15.152795	7.444554
0.617710	15.701772	7.529215
0.693286	15.749863	7.740252
0.605130	14.073088	6.929959
0.555301	14.441775	7.089414
0.619509	15.261536	7.183961
0.701823	15.253498	7.508811
0.586835	14.336159	7.076679
0.688999	15.358456	7.526627
0.645483	15.727483	7.465760
0.676801	15.669685	7.665302
0.619705	15.876272	7.462546
0.704361	15.558312	7.690426
0.626315	16.236268	7.655015
0.677586	15.710331	7.752090
0.633599	15.430729	7.539094
0.690426	15.319758	7.564800
0.657133	15.470540	7.601540
0.603857	15.434517	7.220485
0.716657	15.523693	7.651426
0.680654	15.792171	7.759058
0.681600	15.602059	7.658419
0.657243	15.933926	7.835285
0.575021	15.723898	7.367793
0.621604	14.834365	7.040779
0.571205	14.375161	7.076016
0.682124	15.371727	7.545068
0.589586	14.365497	7.051264
0.701895	15.357340	7.624357
0.701725	14.989824	7.445003
0.601731	15.069381	7.141075
0.705349	15.599630	7.663677
0.675320	15.098704	7.436175
0.603822	16.213450	7.621035
0.657406	15.662529	7.648162
0.563465	15.493512	7.609399
0.575345	15.210075	7.189619
0.650728	15.686523	7.678153
0.579130	15.278155	7.481736
0.720464	15.012795	7.462789
0.721961	15.589914	7.701267
0.657110	15.640444	7.691102
0.620102	15.247738	7.265844
0.619390	14.764149	7.249977
0.565469	16.022607	7.545748
0.628039	15.798692	7.509071
0.694453	15.637800	7.732117
0.673545	15.882404	7.802021
0.654671	15.202381	7.497385
0.664441	15.848214	7.834961
0.545951	14.990052	7.359353
0.610363	15.896010	7.554784
0.660638	15.812749	7.738363
0.684621	15.834677	7.777590
0.685702	16.239970	7.963205
0.495201	15.833837	7.721411
0.694307	15.944291	7.884635
0.623730	15.670159	7.457701
0.682530	16.530155	8.118972
0.482437	15.832525	7.701932
0.677525	15.624618	7.711598
0.590533	15.280005	7.491531
0.716044	15.239920	7.528538
0.691543	15.715335	7.745598
0.643183	15.216599	7.237187
0.651172	15.444957	7.328003
0.697728	15.599524	7.743922
0.627769	15.657949	7.489410
0.597269	15.163059	7.440555
0.558147	14.711031	7.238649
0.710843	15.178220	7.550188
0.654453	14.970039	7.203862
0.675071	15.770671	7.802757
0.709786	14.915444	7.435697
0.690687	15.242489	7.582695
0.708405	15.240510	7.567193
0.729088	15.356314	7.573335
0.592621	14.364765	7.068978
0.734085	15.729175	7.785465
0.683200	15.827418	7.839977
0.711816	15.725672	7.801948
0.719656	15.561249	7.713546
0.645446	15.480806	7.445667
0.644273	16.263920	7.945454
0.622177	16.118632	7.715750
0.677283	15.519137	7.690999
0.700137	15.467580	7.690249
0.669001	15.639548	7.466461
0.727510	15.503709	7.690105
0.695091	15.655936	7.704648
0.670202	15.405464	7.578860
0.661888	15.474825	7.328316
0.674964	15.532767	7.630608
0.666403	15.539712	7.683821
0.619473	15.352364	7.260534
0.565189	14.961947	7.380647
0.581447	14.176124	7.008077
0.700712	15.807083	7.822425
0.676999	15.552824	7.604037
0.698469	15.825447	7.776461
0.681744	15.534263	7.708887
0.681356	15.674155	7.740781
0.680564	15.429902	7.556532
0.702882	16.225444	8.012773
0.548228	15.276728	7.432804
0.554822	15.434756	7.558209
0.690647	15.385004	7.549138
0.668436	15.468097	7.697202
1.163480	8.487163	4.854701
1.127655	8.868597	5.007918
1.129107	8.835162	5.003582
1.117531	8.895575	5.033918
1.118483	8.860098	5.012650
1.112235	8.889680	5.020121
1.103439	8.937783	5.035994
1.093710	8.974917	5.062210
1.086251	8.991830	5.066857
1.081460	9.061872	5.098443
1.087145	9.032416	5.098317
1.099983	9.027628	5.109597
1.119584	9.020084	5.119334
1.118315	9.068816	5.143026
1.128728	9.070239	5.158857
1.140024	8.973855	5.133604
1.158024	8.928586	5.120326
1.184114	8.881696	5.123756
1.206384	8.780612	5.085867
1.249305	8.557849	5.014066
1.270722	8.475657	4.981059
1.280348	8.368461	4.939405
1.273710	8.437692	4.963676
1.281001	8.419124	4.961283
1.285738	8.406630	4.961124
1.273622	8.443577	4.962812
1.273445	8.380365	4.930948
1.279928	8.425425	4.966056
1.278106	8.404265	4.954165
1.278647	8.445400	4.964029
1.274663	8.401735	4.949568
1.277503	8.400079	4.940163
1.277670	8.463245	4.980348
1.280895	8.459453	4.974576
1.273488	8.362308	4.932829
1.278097	8.361522	4.934586
1.270837	8.567326	5.024995
1.276036	8.440790	4.968150
1.279582	8.371336	4.938046
1.280310	8.432630	4.963709
1.276595	8.489059	4.997062
1.270270	8.383353	4.936586
1.276426	8.431617	4.959178
1.282544	8.419262	4.958356
1.273551	8.413904	4.956611
1.275016	8.448608	4.968627
1.272360	8.469575	4.975893
1.266603	8.474878	4.975796
1.274761	8.393983	4.942138
1.278185	8.339495	4.909835
1.272387	8.446361	4.967399
1.267726	8.465883	4.975717
1.273834	8.445697	4.969885
1.268488	8.456856	4.962318
1.269009	8.439440	4.969401
1.268887	8.384725	4.940173
1.264578	8.480402	4.977271
1.270155	8.436162	4.957722
1.275304	8.356136	4.928674
1.266178	8.437235	4.956108
1.264970	8.400852	4.933722
1.269302	8.488116	4.990938
1.267695	8.425695	4.965935
1.264611	8.598305	5.038202
1.268562	8.344355	4.912242
1.261732	8.484683	4.981404
1.265055	8.516167	4.992912
1.268571	8.419803	4.947959
1.274679	8.402674	4.949457
1.270873	8.432734	4.966405
1.271405	8.421602	4.959408
1.269011	8.484223	4.986361
1.269235	8.422414	4.951039
1.271079	8.434652	4.960296
1.267946	8.450164	4.971292
1.259716	8.543993	5.005045
1.269237	8.410479	4.947430
1.271190	8.436419	4.970220
1.266388	8.463915	4.970074
1.262705	8.479249	4.981400
1.262087	8.561214	5.031743
1.267104	8.513112	4.995269
1.270540	8.416407	4.964718
1.272551	8.464184	4.985587
1.264748	8.561560	5.029073
1.267489	8.472259	4.980843
1.270173	8.443736	4.967130
1.270116	8.477267	4.984617
1.263332	8.479339	4.980791
1.264064	8.539581	5.015330
1.268762	8.374502	4.938401
1.269495	8.499625	4.991350
1.270229	8.502663	4.999607
1.267581	8.567389	5.029447
1.273890	8.417290	4.963293
1.262207	8.438453	4.956421
1.261299	8.543794	5.016524
1.256784	8.535897	5.008946
1.263016	8.439971	4.964558
1.265763	8.451900	4.963544
1.260744	8.481611	4.989409
1.253450	8.588082	5.034388
1.260679	8.508857	4.993190
1.261542	8.498223	4.991276
1.259025	8.532481	4.998822
1.256752	8.520158	5.004925
1.263815	8.504537	5.000080
1.267642	8.462502	4.975518
1.267081	8.465304	4.978908
1.257347	8.460562	4.965538
1.256054	8.517858	4.994773
1.260219	8.514438	4.995496
1.258802	8.525092	5.003777
1.266753	8.466508	4.989319
1.152468	8.513961	4.520503
1.266217	8.420443	4.951513
1.268270	8.453848	4.973830
1.258512	8.522963	5.002379
