# Wavelength	Beta
4400	-0.0450729
4401	-0.0330843
4402	-0.0182774
4403	-0.000322626
4404	0.0209931
4405	0.0456726
4406	0.0734028
4407	0.103466
4408	0.131783
4409	0.171416
4410	0.215448
4411	0.254603
4412	0.282739
4413	0.301664
4414	0.317964
4415	0.335622
4416	0.351334
4417	0.354485
4418	0.332857
4419	0.281925
4420	0.212028
4421	0.145739
4422	0.102812
4423	0.0871066
4424	0.0903185
4425	0.102324
4426	0.114461
4427	0.118816
4428	0.111381
4429	0.0981603
4430	0.0960324
4431	0.121652
4432	0.175766
4433	0.238148
4434	0.280395
4435	0.287327
4436	0.270132
4437	0.257207
4438	0.270728
4439	0.314911
4440	0.379451
4441	0.446439
4442	0.499377
4443	0.531665
4444	0.547019
4445	0.552647
4446	0.550485
4447	0.535475
4448	0.503592
4449	0.458935
4450	0.411494
4451	0.372181
4452	0.35082
4453	0.354336
4454	0.38362
4455	0.431758
4456	0.486709
4457	0.538575
4458	0.584614
4459	0.623934
4460	0.649771
4461	0.651628
4462	0.625236
4463	0.578235
4464	0.525068
4465	0.477451
4466	0.442075
4467	0.424181
4468	0.426732
4469	0.443589
4470	0.460231
4471	0.468188
4472	0.475821
4473	0.500155
4474	0.545513
4475	0.595858
4476	0.631509
4477	0.650463
4478	0.668476
4479	0.696034
4480	0.724563
4481	0.739053
4482	0.733706
4483	0.711854
4484	0.678919
4485	0.639145
4486	0.594165
4487	0.544406
4488	0.494917
4489	0.45591
4490	0.436776
4491	0.443088
4492	0.478149
4493	0.541674
4494	0.624648
4495	0.709515
4496	0.77659
4497	0.813607
4498	0.823804
4499	0.8269
4500	0.846421
4501	0.883313
4502	0.906387
4503	0.886651
4504	0.832601
4505	0.780264
4506	0.757614
4507	0.766868
4508	0.793693
4509	0.821853
4510	0.84076
4511	0.84392
4512	0.824748
4513	0.780916
4514	0.721975
4515	0.66627
4516	0.627687
4517	0.606502
4518	0.595927
4519	0.595363
4520	0.610075
4521	0.636098
4522	0.657914
4523	0.669127
4524	0.685338
4525	0.728336
4526	0.799261
4527	0.869402
4528	0.901843
4529	0.883612
4530	0.831877
4531	0.774622
4532	0.732852
4533	0.716032
4534	0.724529
4535	0.750519
4536	0.776557
4537	0.781238
4538	0.755609
4539	0.714018
4540	0.68386
4541	0.681397
4542	0.69829
4543	0.714719
4544	0.720369
4545	0.718949
4546	0.720218
4547	0.732203
4548	0.758669
4549	0.796779
4550	0.835199
4551	0.861471
4552	0.872592
4553	0.875441
4554	0.877789
4555	0.879641
4556	0.873051
4557	0.849909
4558	0.810629
4559	0.767005
4560	0.73506
4561	0.7232
4562	0.726868
4563	0.73506
4564	0.740183
4565	0.738738
4566	0.729128
4567	0.719513
4568	0.731982
4569	0.784691
4570	0.869425
4571	0.955979
4572	1.02055
4573	1.06279
4574	1.09407
4575	1.12039
4576	1.14352
4577	1.1669
4578	1.18798
4579	1.19482
4580	1.18018
4581	1.14972
4582	1.11777
4583	1.10001
4584	1.10206
4585	1.11013
4586	1.09833
4587	1.05885
4588	1.02165
4589	1.02377
4590	1.06857
4591	1.13351
4592	1.2049
4593	1.28712
4594	1.37913
4595	1.45873
4596	1.49703
4597	1.49132
4598	1.46259
4599	1.41372
4600	1.31956
4601	1.15813
4602	0.952626
4603	0.779906
4604	0.706563
4605	0.734134
4606	0.82036
4607	0.929362
4608	1.05467
4609	1.19506
4610	1.32576
4611	1.42011
4612	1.47954
4613	1.51965
4614	1.54055
4615	1.52931
4616	1.48176
4617	1.41101
4618	1.34306
4619	1.2962
4620	1.26771
4621	1.24873
4622	1.23626
4623	1.23123
4624	1.2386
4625	1.26486
4626	1.30888
4627	1.36449
4628	1.4252
4629	1.48578
4630	1.54647
4631	1.61393
4632	1.70197
4633	1.82918
4634	1.98538
4635	2.10394
4636	2.11511
4637	2.0288
4638	1.90262
4639	1.75976
4640	1.58793
4641	1.39063
4642	1.19535
4643	1.01225
4644	0.8387
4645	0.700295
4646	0.647768
4647	0.71129
4648	0.881344
4649	1.12477
4650	1.3939
4651	1.62453
4652	1.7693
4653	1.85726
4654	1.97605
4655	2.14765
4656	2.28896
4657	2.34213
4658	2.32062
4659	2.24722
4660	2.15431
4661	2.07785
4662	2.00461
4663	1.85939
4664	1.58838
4665	1.23006
4666	0.856083
4667	0.513758
4668	0.249038
4669	0.119202
4670	0.159492
4671	0.35337
4672	0.624073
4673	0.897034
4674	1.16135
4675	1.41802
4676	1.63614
4677	1.78912
4678	1.87567
4679	1.89689
4680	1.86567
4681	1.82203
4682	1.81354
4683	1.87223
4684	1.99749
4685	2.15087
4686	2.27531
4687	2.31903
4688	2.24336
4689	2.05812
4690	1.84917
4691	1.68261
4692	1.50699
4693	1.23205
4694	0.890189
4695	0.594937
4696	0.393557
4697	0.268832
4698	0.208364
4699	0.233894
4700	0.363399
4701	0.554438
4702	0.730465
4703	0.857613
4704	0.958008
4705	1.08654
4706	1.28489
4707	1.5376
4708	1.77008
4709	1.89499
4710	1.89538
4711	1.83111
4712	1.75664
4713	1.68621
4714	1.60413
4715	1.48616
4716	1.33112
4717	1.17689
4718	1.06243
4719	0.986565
4720	0.929467
4721	0.890352
4722	0.8684
4723	0.830612
4724	0.727334
4725	0.552721
4726	0.360693
4727	0.21752
4728	0.170959
4729	0.23538
4730	0.369766
4731	0.485044
4732	0.520692
4733	0.506672
4734	0.51572
4735	0.579361
4736	0.6711
4737	0.745774
4738	0.77768
4739	0.768704
4740	0.74668
4741	0.751495
4742	0.806071
4743	0.899995
4744	0.99599
4745	1.05379
4746	1.05524
4747	1.00763
4748	0.926772
4749	0.820885
4750	0.68058
4751	0.478995
4752	0.206429
4753	-0.103919
4754	-0.396067
4755	-0.614025
4756	-0.716012
4757	-0.698806
4758	-0.587945
4759	-0.406362
4760	-0.186651
4761	0.0232096
4762	0.201106
4763	0.351429
4764	0.461374
4765	0.50015
4766	0.458357
4767	0.359855
4768	0.249532
4769	0.172083
4770	0.137745
4771	0.117189
4772	0.0865394
4773	0.0692695
4774	0.116742
4775	0.250944
4776	0.4279
4777	0.562163
4778	0.60709
4779	0.575753
4780	0.491954
4781	0.378842
4782	0.270907
4783	0.192
4784	0.133758
4785	0.0707254
4786	-0.00620464
4787	-0.081935
4788	-0.135555
4789	-0.154853
4790	-0.146445
4791	-0.135385
4792	-0.146485
4793	-0.181007
4794	-0.214156
4795	-0.217388
4796	-0.181325
4797	-0.118015
4798	-0.0454223
4799	0.0286184
4800	0.106506
4801	0.188413
4802	0.26591
4803	0.324445
4804	0.343334
4805	0.303428
4806	0.205159
4807	0.0742261
4808	-0.0546729
4809	-0.15585
4810	-0.217107
4811	-0.243344
4812	-0.259148
4813	-0.284898
4814	-0.312575
4815	-0.315412
4816	-0.272105
4817	-0.188145
4818	-0.0919325
4819	-0.00506318
4820	0.0653924
4821	0.114716
4822	0.1404
4823	0.14498
4824	0.129865
4825	0.0896401
4826	0.0197532
4827	-0.0706287
4828	-0.161107
4829	-0.233523
4830	-0.27757
4831	-0.287557
4832	-0.262694
4833	-0.210331
4834	-0.140249
4835	-0.0576742
4836	0.0331916
4837	0.122195
4838	0.195988
4839	0.246932
4840	0.272632
4841	0.269226
4842	0.234551
4843	0.177728
4844	0.116595
4845	0.064178
4846	0.0212002
4847	-0.0173634
4848	-0.0538262
4849	-0.0874798
4850	-0.116857
4851	-0.140691
4852	-0.158524
4853	-0.171924
4854	-0.183756
4855	-0.194655
4856	-0.200777
4857	-0.196659
4858	-0.17968
4859	-0.150302
4860	-0.112621
4861	-0.0766087
4862	-0.0538175
4863	-0.0502051
4864	-0.065815
4865	-0.0974257
4866	-0.137968
4867	-0.175734
4868	-0.20075
4869	-0.214127
4870	-0.224592
4871	-0.234793
4872	-0.237846
4873	-0.229719
4874	-0.217869
4875	-0.212142
4876	-0.21154
4877	-0.20505
4878	-0.18436
4879	-0.153643
4880	-0.126849
4881	-0.114008
4882	-0.112511
4883	-0.112809
4884	-0.108793
4885	-0.0998085
4886	-0.0854083
4887	-0.064614
4888	-0.0412044
4889	-0.0250135
4890	-0.0242962
4891	-0.0381596
4892	-0.0579139
4893	-0.0746496
4894	-0.0839498
4895	-0.0849142
4896	-0.0798543
4897	-0.0757713
4898	-0.0788626
4899	-0.0877331
4900	-0.0973039
4901	-0.106505
4902	-0.11826
4903	-0.134357
4904	-0.153644
4905	-0.173881
4906	-0.192778
4907	-0.207361
4908	-0.214555
4909	-0.213706
4910	-0.205982
4911	-0.191481
4912	-0.171016
4913	-0.150311
4914	-0.139383
4915	-0.145904
4916	-0.16776
4917	-0.194009
4918	-0.213487
4919	-0.220807
4920	-0.21697
4921	-0.206754
4922	-0.193831
4923	-0.179927
4924	-0.169992
4925	-0.172143
4926	-0.187063
4927	-0.202086
4928	-0.200053
4929	-0.174773
4930	-0.137847
4931	-0.109056
4932	-0.101268
4933	-0.114936
4934	-0.139381
4935	-0.15618
4936	-0.14942
4937	-0.116839
4938	-0.0706876
4939	-0.0309764
4940	-0.0140497
4941	-0.0241355
4942	-0.0566244
4943	-0.102957
4944	-0.151742
4945	-0.191532
4946	-0.215853
4947	-0.225945
4948	-0.228866
4949	-0.232992
4950	-0.242002
4951	-0.250001
4952	-0.244427
4953	-0.217882
4954	-0.175021
4955	-0.127396
4956	-0.0862209
4957	-0.0592362
4958	-0.0496991
4959	-0.0580892
4960	-0.0840552
4961	-0.122934
4962	-0.159463
4963	-0.172357
4964	-0.15258
4965	-0.114522
4966	-0.0804612
4967	-0.0579591
4968	-0.0407691
4969	-0.0234818
4970	-0.0111834
4971	-0.0153793
4972	-0.0394661
4973	-0.0720372
4974	-0.0983123
4975	-0.113967
4976	-0.12557
4977	-0.139954
4978	-0.155979
4979	-0.164659
4980	-0.158638
4981	-0.141532
4982	-0.122882
4983	-0.107393
4984	-0.0925604
4985	-0.0764079
4986	-0.0624899
4987	-0.0562531
4988	-0.0595015
4989	-0.0689178
4990	-0.0802645
4991	-0.0928101
4992	-0.108228
4993	-0.12319
4994	-0.124685
4995	-0.105596
4996	-0.0800168
4997	-0.0670813
4998	-0.0767301
4999	-0.10771
5000	-0.146248
5001	-0.169847
5002	-0.171307
5003	-0.166528
5004	-0.16617
5005	-0.167943
5006	-0.167928
5007	-0.168339
5008	-0.172344
5009	-0.175394
5010	-0.167501
5011	-0.147065
5012	-0.125242
5013	-0.108688
5014	-0.0935183
5015	-0.0756681
5016	-0.06172
5017	-0.0636785
5018	-0.0844271
5019	-0.115959
5020	-0.146784
5021	-0.169973
5022	-0.180503
5023	-0.176899
5024	-0.164038
5025	-0.14736
5026	-0.133062
5027	-0.128428
5028	-0.136931
5029	-0.155501
5030	-0.174717
5031	-0.182628
5032	-0.174465
5033	-0.165927
5034	-0.183297
5035	-0.236136
5036	-0.309245
5037	-0.372013
5038	-0.406465
5039	-0.418288
5040	-0.423991
5041	-0.438285
5042	-0.455942
5043	-0.439044
5044	-0.381216
5045	-0.321373
5046	-0.259738
5047	-0.170897
5048	-0.0696824
5049	-0.0170442
5050	-0.0406786
5051	-0.130032
5052	-0.235832
5053	-0.30586
5054	-0.320174
5055	-0.279583
5056	-0.209079
5057	-0.140622
5058	-0.0940213
5059	-0.077544
5060	-0.0932878
5061	-0.132684
5062	-0.177111
5063	-0.208126
5064	-0.206252
5065	-0.174692
5066	-0.148688
5067	-0.153108
5068	-0.176574
5069	-0.197367
5070	-0.209678
5071	-0.189355
5072	-0.0372671
5073	0.234028
5074	0.363715
5075	0.353838
5076	0.270237
5077	0.142521
5078	0.0132079
5079	-0.0995603
5080	-0.212508
5081	-0.368564
5082	-0.578006
5083	-0.705346
5084	-0.660877
5085	-0.544995
5086	-0.427812
5087	-0.339863
5088	-0.294527
5089	-0.26701
5090	-0.225467
5091	-0.173763
5092	-0.129647
5093	-0.101878
5094	-0.0971843
5095	-0.134324
5096	-0.216403
5097	-0.300797
5098	-0.344585
5099	-0.302355
5100	-0.161298
5101	0.00986349
5102	0.133069
5103	0.171137
5104	0.0912153
5105	-0.0658425
5106	-0.17081
5107	-0.196277
5108	-0.188087
5109	-0.188672
5110	-0.230526
5111	-0.330602
5112	-0.409172
5113	-0.373788
5114	-0.290663
5115	-0.192621
5116	-0.0605869
5117	0.108242
5118	0.266363
5119	0.341051
5120	0.338367
5121	0.32845
5122	0.343334
5123	0.369192
5124	0.392385
5125	0.429191
5126	0.489199
5127	0.531428
5128	0.519765
5129	0.466137
5130	0.337982
5131	0.12518
5132	-0.0386767
5133	-0.0991033
5134	-0.116333
5135	-0.171707
5136	-0.298685
5137	-0.392383
5138	-0.424145
5139	-0.429158
5140	-0.411465
5141	-0.351367
5142	-0.26611
5143	-0.223545
5144	-0.261196
5145	-0.349856
5146	-0.412017
5147	-0.403283
5148	-0.278629
5149	-0.0766307
5150	0.0613146
5151	0.0798254
5152	-0.000527435
5153	-0.127887
5154	-0.205829
5155	-0.225444
5156	-0.239012
5157	-0.274467
5158	-0.33821
5159	-0.414498
5160	-0.424883
5161	-0.281971
5162	-0.0793611
5163	0.0492391
5164	0.103067
5165	0.123516
5166	0.143558
5167	0.171526
5168	0.191192
5169	0.197988
5170	0.211297
5171	0.217005
5172	0.16288
5173	0.0510206
5174	-0.0648209
5175	-0.155254
5176	-0.185332
5177	-0.130828
5178	-0.0394376
5179	0.00333019
5180	-0.0423506
5181	-0.15834
5182	-0.259589
5183	-0.273916
5184	-0.207514
5185	-0.0926707
5186	0.00900049
5187	0.0278998
5188	-0.0168561
5189	-0.0685203
5190	-0.108721
5191	-0.144333
5192	-0.167889
5193	-0.171831
5194	-0.169144
5195	-0.175187
5196	-0.191064
5197	-0.198502
5198	-0.181652
5199	-0.127428
5200	-0.0259014
5201	0.114386
5202	0.253769
5203	0.347935
5204	0.396488
5205	0.426133
5206	0.454208
5207	0.485616
5208	0.521053
5209	0.556061
5210	0.580577
5211	0.568722
5212	0.453377
5213	0.186666
5214	-0.116378
5215	-0.354088
5216	-0.491749
5217	-0.499127
5218	-0.42952
5219	-0.35434
5220	-0.27973
5221	-0.156765
5222	0.0122729
5223	0.15318
5224	0.23204
5225	0.23233
5226	0.155587
5227	0.0130866
5228	-0.156346
5229	-0.258133
5230	-0.299809
5231	-0.327844
5232	-0.340625
5233	-0.323519
5234	-0.283104
5235	-0.222277
5236	-0.126162
5237	0.0345858
5238	0.269631
5239	0.506233
5240	0.641465
5241	0.622454
5242	0.490595
5243	0.363221
5244	0.281215
5245	0.225281
5246	0.170517
5247	0.0978935
5248	-0.0014439
5249	-0.104064
5250	-0.172948
5251	-0.203452
5252	-0.186357
5253	-0.0915982
5254	0.0307899
5255	0.0746933
5256	0.0367302
5257	-0.0288931
5258	-0.0721688
5259	-0.0721921
5260	-0.039767
5261	0.0169419
5262	0.0849186
5263	0.144032
5264	0.188428
5265	0.213458
5266	0.214651
5267	0.204685
5268	0.1966
5269	0.189091
5270	0.176836
5271	0.160894
5272	0.144337
5273	0.13013
5274	0.120941
5275	0.1166
5276	0.114359
5277	0.111299
5278	0.106866
5279	0.102249
5280	0.0971974
5281	0.0898612
5282	0.0799059
5283	0.0691218
5284	0.0591228
5285	0.0500809
5286	0.0414687
5287	0.0332454
5288	0.0261683
5289	0.0212338
5290	0.0187408
5291	0.0181045
5292	0.0184468
5293	0.0190142
5294	0.0193693
5295	0.0195214
5296	0.0197736
5297	0.0203203
5298	0.0210148
5299	0.0215265
5300	0.0216112
5301	0.0212511
5302	0.0206041
5303	0.0198132
5304	0.0188716
5305	0.0176661
5306	0.0161306
5307	0.0143049
5308	0.0122578
5309	0.0100042
5310	0.00748046
5311	0.00459486
5312	0.00132761
5313	-0.00220004
5314	-0.00571094
5315	-0.00876719
5316	-0.0108953
5317	-0.011939
5318	-0.0122375
5319	-0.0122896
5320	-0.0123857
5321	-0.0126911
5322	-0.0134558
5323	-0.0148135
5324	-0.016455
5325	-0.0179062
5326	-0.0192806
5327	-0.021263
5328	-0.0240764
5329	-0.0270978
5330	-0.0295615
5331	-0.0309908
5332	-0.0310535
5333	-0.0297552
5334	-0.0278056
5335	-0.0261884
5336	-0.025317
5337	-0.0246008
5338	-0.0234747
5339	-0.0225085
5340	-0.0219859
5341	-0.0209639
5342	-0.0190291
5343	-0.0175884
5344	-0.0184316
5345	-0.0214339
5346	-0.0240954
5347	-0.0237837
5348	-0.0204055
5349	-0.0162358
5350	-0.0135609
5351	-0.0131754
5352	-0.0137667
5353	-0.0130486
5354	-0.0110288
5355	-0.00985262
5356	-0.0094268
5357	-0.00641532
5358	0.00108413
5359	0.0110825
5360	0.0222277
5361	0.0375603
5362	0.0607311
5363	0.0892721
5364	0.116367
5365	0.138543
5366	0.158241
5367	0.180385
5368	0.207965
5369	0.241661
5370	0.281471
5371	0.321575
5372	0.343954
5373	0.332855
5374	0.298234
5375	0.262375
5376	0.240693
5377	0.243579
5378	0.27706
5379	0.335088
5380	0.381655
5381	0.352657
5382	0.26479
5383	0.20021
5384	0.183746
5385	0.222168
5386	0.334221
5387	0.541166
5388	0.766755
5389	0.699756
5390	0.417185
5391	0.229271
5392	0.142346
5393	0.104594
5394	0.0891467
5395	0.0860701
5396	0.0974625
5397	0.137396
5398	0.165661
5399	0.126478
5400	0.0900603
5401	0.0721757
5402	0.0665858
5403	0.0686162
5404	0.075711
5405	0.0863966
5406	0.0967316
5407	0.0906773
5408	0.0565352
5409	0.0282173
5410	0.0138539
5411	0.00719336
5412	0.00595452
5413	0.00930406
5414	0.0167991
5415	0.0293036
5416	0.047904
5417	0.0596217
5418	0.0533469
5419	0.0433846
5420	0.0346246
5421	0.0284804
5422	0.0298321
5423	0.0467388
5424	0.0929523
5425	0.190866
5426	0.283119
5427	0.257407
5428	0.227525
5429	0.23965
5430	0.286973
5431	0.380337
5432	0.588809
5433	1.17109
5434	3.06476
5435	6.91101
5436	6.55127
5437	4.99483
5438	4.66569
5439	3.32121
5440	0.360361
5441	-0.148133
5442	-0.20124
5443	-0.19217
5444	-0.169201
5445	-0.153791
5446	-0.162303
5447	-0.194241
5448	-0.231737
5449	-0.240784
5450	-0.203879
5451	-0.160154
5452	-0.136763
5453	-0.127861
5454	-0.124675
5455	-0.122065
5456	-0.108427
5457	-0.0375588
5458	0.354992
5459	1.39391
5460	1.22465
5461	0.931115
5462	0.895078
5463	1.25731
5464	2.52192
5465	4.25312
5466	3.22817
5467	1.69819
5468	0.805378
5469	0.308184
5470	-0.0213862
5471	-0.167081
5472	-0.188196
5473	-0.200956
5474	-0.22072
5475	-0.237834
5476	-0.24903
5477	-0.233336
5478	-0.0297792
5479	0.152255
5480	0.13952
5481	0.0983559
5482	0.063115
5483	0.0400699
5484	0.026078
5485	0.00544175
5486	-0.0617766
5487	-0.233425
5488	-0.32341
5489	-0.252677
5490	-0.188307
5491	-0.142535
5492	-0.104767
5493	-0.0756934
5494	-0.063255
5495	-0.0634022
5496	-0.0366524
5497	0.0298402
5498	0.0769642
5499	0.0804588
5500	0.047566
5501	-0.00734783
5502	-0.0542418
5503	-0.0627318
5504	0.0122274
5505	0.27906
5506	0.846643
5507	1.78998
5508	3.03471
5509	4.28739
5510	5.13188
5511	5.11783
5512	4.44968
5513	3.78079
5514	3.25808
5515	2.74695
5516	2.13602
5517	1.39218
5518	0.657041
5519	0.139696
5520	-0.0955536
5521	-0.0238474
5522	0.462371
5523	1.42029
5524	2.53553
5525	3.19449
5526	3.2926
5527	3.1952
5528	3.07788
5529	2.82953
5530	2.29812
5531	1.4513
5532	0.256164
5533	-1.03201
5534	-2.04919
5535	-2.722
5536	-3.08362
5537	-3.06626
5538	-2.50022
5539	-1.31212
5540	0.201504
5541	1.52956
5542	2.53594
5543	3.42309
5544	4.27601
5545	4.96158
5546	5.30298
5547	5.07111
5548	4.10485
5549	2.82763
5550	1.83941
5551	1.34503
5552	1.28969
5553	1.57264
5554	2.16831
5555	3.10643
5556	4.29638
5557	5.48393
5558	6.48176
5559	7.24957
5560	7.68337
5561	7.71774
5562	7.57531
5563	7.50878
5564	7.41427
5565	6.95822
5566	6.10844
5567	5.11927
5568	4.18324
5569	3.35061
5570	2.57945
5571	1.78558
5572	0.9522
5573	0.248375
5574	-0.0650039
5575	0.102649
5576	0.62419
5577	1.32207
5578	2.18764
5579	3.32826
5580	4.5668
5581	5.38077
5582	5.48658
5583	5.14485
5584	4.84871
5585	4.90126
5586	5.26251
5587	5.69963
5588	6.01514
5589	6.22668
5590	6.52939
5591	7.0396
5592	7.57211
5593	7.79536
5594	7.61602
5595	7.17918
5596	6.51955
5597	5.56843
5598	4.41748
5599	3.35328
5600	2.6944
5601	2.63845
5602	3.16413
5603	4.07881
5604	5.12614
5605	6.04972
5606	6.67549
5607	6.91583
5608	6.66157
5609	5.88666
5610	4.83502
5611	3.85126
5612	2.99203
5613	2.13328
5614	1.41345
5615	1.12579
5616	1.34675
5617	1.95021
5618	2.79246
5619	3.7966
5620	4.8763
5621	5.84059
5622	6.54408
5623	6.97974
5624	7.10122
5625	6.7926
5626	6.08223
5627	5.18215
5628	4.29058
5629	3.49889
5630	2.92987
5631	2.69672
5632	2.80627
5633	3.23545
5634	4.01505
5635	5.19018
5636	6.61315
5637	7.90694
5638	8.78014
5639	9.24122
5640	9.41712
5641	9.33118
5642	8.99372
5643	8.5362
5644	7.91076
5645	6.8001
5646	5.40994
5647	4.34372
5648	3.75535
5649	3.48943
5650	3.40652
5651	3.43121
5652	3.50758
5653	3.58724
5654	3.66749
5655	3.80801
5656	4.05542
5657	4.37741
5658	4.68543
5659	4.89031
5660	4.92966
5661	4.80135
5662	4.59931
5663	4.44995
5664	4.39322
5665	4.3871
5666	4.40422
5667	4.45892
5668	4.5494
5669	4.67047
5670	4.88075
5671	5.25786
5672	5.77211
5673	6.2882
5674	6.71763
5675	7.07641
5676	7.34091
5677	7.39621
5678	7.21786
5679	6.98315
5680	6.86431
5681	6.80113
5682	6.58514
5683	6.12731
5684	5.56159
5685	5.03536
5686	4.60008
5687	4.30242
5688	4.20101
5689	4.29281
5690	4.50601
5691	4.78711
5692	5.12085
5693	5.5183
5694	5.98102
5695	6.45947
5696	6.81073
5697	6.85124
5698	6.51661
5699	5.94165
5700	5.23149
5701	4.34971
5702	3.33201
5703	2.3893
5704	1.77292
5705	1.60245
5706	1.85094
5707	2.41071
5708	3.1682
5709	4.00236
5710	4.79849
5711	5.45994
5712	5.92544
5713	6.19746
5714	6.30531
5715	6.20667
5716	5.77107
5717	4.98618
5718	4.10272
5719	3.43551
5720	3.11982
5721	3.1159
5722	3.31438
5723	3.60223
5724	3.88977
5725	4.21123
5726	4.78685
5727	5.78075
5728	6.9636
5729	7.92743
5730	8.59925
5731	9.22064
5732	9.97222
5733	10.7887
5734	11.4726
5735	11.8552
5736	11.8088
5737	11.2002
5738	9.99746
5739	8.37092
5740	6.53828
5741	4.64704
5742	2.88392
5743	1.50269
5744	0.640244
5745	0.258262
5746	0.233841
5747	0.413301
5748	0.593542
5749	0.587955
5750	0.400635
5751	0.231862
5752	0.255511
5753	0.47973
5754	0.83083
5755	1.24849
5756	1.67087
5757	1.95252
5758	1.95211
5759	1.70688
5760	1.43281
5761	1.30744
5762	1.36336
5763	1.50443
5764	1.57007
5765	1.44501
5766	1.15979
5767	0.838095
5768	0.542728
5769	0.253366
5770	-0.031385
5771	-0.238991
5772	-0.322762
5773	-0.339821
5774	-0.392024
5775	-0.471522
5776	-0.474217
5777	-0.338806
5778	-0.0969523
5779	0.173004
5780	0.390907
5781	0.506051
5782	0.530969
5783	0.529753
5784	0.544713
5785	0.545273
5786	0.467164
5787	0.281792
5788	0.0264882
5789	-0.215166
5790	-0.348891
5791	-0.317864
5792	-0.141627
5793	0.0829551
5794	0.225428
5795	0.194533
5796	-0.005928
5797	-0.270271
5798	-0.465568
5799	-0.529008
5800	-0.50081
5801	-0.471051
5802	-0.511425
5803	-0.614941
5804	-0.703017
5805	-0.693529
5806	-0.565272
5807	-0.351558
5808	-0.0865234
5809	0.21292
5810	0.5155
5811	0.751549
5812	0.851054
5813	0.801061
5814	0.662641
5815	0.514604
5816	0.39616
5817	0.301452
5818	0.218184
5819	0.145274
5820	0.0796664
5821	0.00689234
5822	-0.0791633
5823	-0.159565
5824	-0.203981
5825	-0.203086
5826	-0.205145
5827	-0.303015
5828	-0.558087
5829	-0.945004
5830	-1.38012
5831	-1.77474
5832	-2.07088
5833	-2.23338
5834	-2.2503
5835	-2.14151
5836	-1.94758
5837	-1.6947
5838	-1.37246
5839	-0.957801
5840	-0.4673
5841	0.00354833
5842	0.329644
5843	0.466082
5844	0.456606
5845	0.3586
5846	0.202967
5847	0.00343982
5848	-0.222116
5849	-0.448499
5850	-0.652182
5851	-0.81509
5852	-0.91106
5853	-0.879802
5854	-0.638656
5855	-0.156395
5856	0.474075
5857	1.05639
5858	1.4362
5859	1.59872
5860	1.60591
5861	1.48331
5862	1.21879
5863	0.821024
5864	0.330401
5865	-0.193548
5866	-0.661112
5867	-0.966384
5868	-1.02585
5869	-0.807782
5870	-0.354582
5871	0.237154
5872	0.889605
5873	1.60159
5874	2.44039
5875	3.44156
5876	4.49611
5877	5.3721
5878	5.89596
5879	6.09324
5880	6.14377
5881	6.2335
5882	6.50457
5883	7.04321
5884	7.81679
5885	8.67689
5886	9.47961
5887	10.1071
5888	10.4004
5889	10.2164
5890	9.57546
5891	8.59323
5892	7.34532
5893	5.98339
5894	4.80908
5895	4.04354
5896	3.60293
5897	3.2651
5898	2.92221
5899	2.59846
5900	2.32392
5901	2.1147
5902	1.9979
5903	2.00107
5904	2.0826
5905	2.12177
5906	2.01833
5907	1.78364
5908	1.52099
5909	1.34272
5910	1.30928
5911	1.366
5912	1.37431
5913	1.24291
5914	1.00076
5915	0.731101
5916	0.489802
5917	0.297225
5918	0.20783
5919	0.302498
5920	0.598076
5921	1.01082
5922	1.41713
5923	1.74044
5924	1.9656
5925	2.11037
5926	2.18584
5927	2.15786
5928	1.94902
5929	1.51819
5930	0.941211
5931	0.356052
5932	-0.154726
5933	-0.566168
5934	-0.848443
5935	-0.962801
5936	-0.91202
5937	-0.766797
5938	-0.619454
5939	-0.524854
5940	-0.492326
5941	-0.509374
5942	-0.546252
5943	-0.57298
5944	-0.588523
5945	-0.619519
5946	-0.6867
5947	-0.779074
5948	-0.867797
5949	-0.926669
5950	-0.934974
5951	-0.87222
5952	-0.727557
5953	-0.515371
5954	-0.282413
5955	-0.0839572
5956	0.0552057
5957	0.165266
5958	0.298643
5959	0.466516
5960	0.620094
5961	0.6902
5962	0.651067
5963	0.532612
5964	0.373566
5965	0.1901
5966	-0.00592678
5967	-0.198053
5968	-0.38519
5969	-0.583834
5970	-0.783327
5971	-0.928666
5972	-0.965458
5973	-0.886542
5974	-0.741021
5975	-0.597137
5976	-0.489032
5977	-0.393984
5978	-0.266289
5979	-0.0832873
5980	0.142234
5981	0.390617
5982	0.652505
5983	0.901899
5984	1.05956
5985	1.03877
5986	0.83804
5987	0.543909
5988	0.237539
5989	-0.0618879
5990	-0.354648
5991	-0.619471
5992	-0.828969
5993	-0.974326
5994	-1.03739
5995	-0.973123
5996	-0.748479
5997	-0.397356
5998	-0.0110752
5999	0.332497
6000	0.625361
6001	0.884252
6002	1.08261
6003	1.17357
6004	1.17111
6005	1.17476
6006	1.26572
6007	1.40649
6008	1.48636
6009	1.44304
6010	1.33289
6011	1.28228
6012	1.33702
6013	1.38739
6014	1.3108
6015	1.17578
6016	1.17078
6017	1.33443
6018	1.52177
6019	1.6072
6020	1.60014
6021	1.5736
6022	1.55354
6023	1.50832
6024	1.41226
6025	1.30099
6026	1.25696
6027	1.32738
6028	1.46646
6029	1.56191
6030	1.53603
6031	1.40446
6032	1.21633
6033	0.990977
6034	0.738998
6035	0.494555
6036	0.293311
6037	0.163166
6038	0.146043
6039	0.304488
6040	0.677093
6041	1.24148
6042	1.93135
6043	2.67549
6044	3.37125
6045	3.86986
6046	4.06361
6047	3.96728
6048	3.66942
6049	3.27154
6050	2.88408
6051	2.58906
6052	2.38986
6053	2.22508
6054	2.03935
6055	1.84852
6056	1.70593
6057	1.62534
6058	1.56298
6059	1.43399
6060	1.15191
6061	0.721873
6062	0.300004
6063	0.0669919
6064	0.0882848
6065	0.313927
6066	0.657516
6067	1.04404
6068	1.41202
6069	1.71351
6070	1.93882
6071	2.1273
6072	2.31917
6073	2.49526
6074	2.57009
6075	2.45523
6076	2.1244
6077	1.66643
6078	1.25799
6079	1.04969
6080	1.09175
6081	1.36322
6082	1.81208
6083	2.38417
6084	3.03049
6085	3.70607
6086	4.37959
6087	4.99875
6088	5.4231
6089	5.43045
6090	4.90727
6091	3.99938
6092	2.97268
6093	2.01042
6094	1.21057
6095	0.62748
6096	0.267389
6097	0.0927627
6098	0.0681914
6099	0.185206
6100	0.439587
6101	0.77362
6102	1.06111
6103	1.19374
6104	1.17583
6105	1.10652
6106	1.08877
6107	1.16995
6108	1.32297
6109	1.46993
6110	1.56161
6111	1.63582
6112	1.76804
6113	2.01127
6114	2.39206
6115	2.91571
6116	3.51958
6117	4.00971
6118	4.16581
6119	3.95459
6120	3.52881
6121	3.07337
6122	2.69491
6123	2.38503
6124	2.05255
6125	1.64892
6126	1.26806
6127	1.07938
6128	1.17555
6129	1.50273
6130	1.91159
6131	2.28299
6132	2.56415
6133	2.72815
6134	2.77328
6135	2.73818
6136	2.66357
6137	2.51969
6138	2.23141
6139	1.76357
6140	1.18939
6141	0.6619
6142	0.318074
6143	0.193255
6144	0.224838
6145	0.327226
6146	0.456067
6147	0.611332
6148	0.803129
6149	1.04379
6150	1.36624
6151	1.81577
6152	2.37664
6153	2.91714
6154	3.25688
6155	3.30724
6156	3.09382
6157	2.67232
6158	2.1107
6159	1.52374
6160	1.03966
6161	0.730388
6162	0.587095
6163	0.552915
6164	0.571201
6165	0.616449
6166	0.695286
6167	0.816918
6168	0.95395
6169	1.05294
6170	1.0866
6171	1.05568
6172	0.940603
6173	0.728885
6174	0.506612
6175	0.449831
6176	0.672275
6177	1.11056
6178	1.58736
6179	1.9853
6180	2.32794
6181	2.70928
6182	3.19523
6183	3.7656
6184	4.31219
6185	4.68601
6186	4.78294
6187	4.5935
6188	4.17475
6189	3.60244
6190	2.98094
6191	2.45031
6192	2.08193
6193	1.80639
6194	1.5199
6195	1.22841
6196	1.01963
6197	0.951835
6198	1.00757
6199	1.11688
6200	1.20603
6201	1.23339
6202	1.20587
6203	1.17804
6204	1.21519
6205	1.34508
6206	1.53332
6207	1.67855
6208	1.65567
6209	1.42808
6210	1.10341
6211	0.832859
6212	0.687938
6213	0.644965
6214	0.637755
6215	0.629616
6216	0.638077
6217	0.70599
6218	0.876814
6219	1.17943
6220	1.61199
6221	2.12511
6222	2.61627
6223	2.94544
6224	3.01247
6225	2.84493
6226	2.57427
6227	2.31388
6228	2.08695
6229	1.85767
6230	1.61988
6231	1.41656
6232	1.27716
6233	1.19665
6234	1.17926
6235	1.25596
6236	1.45839
6237	1.78363
6238	2.17786
6239	2.55482
6240	2.83885
6241	3.00328
6242	3.08129
6243	3.11239
6244	3.08781
6245	2.95292
6246	2.65845
6247	2.21812
6248	1.70707
6249	1.22117
6250	0.837158
6251	0.596039
6252	0.503965
6253	0.547629
6254	0.702
6255	0.925438
6256	1.15076
6257	1.31822
6258	1.43474
6259	1.56022
6260	1.71619
6261	1.84267
6262	1.84269
6263	1.67028
6264	1.37768
6265	1.07696
6266	0.848266
6267	0.692032
6268	0.585593
6269	0.548674
6270	0.626431
6271	0.805502
6272	0.989488
6273	1.10093
6274	1.19472
6275	1.40692
6276	1.79758
6277	2.26718
6278	2.64874
6279	2.83714
6280	2.78728
6281	2.45763
6282	1.87095
6283	1.18286
6284	0.603969
6285	0.2641
6286	0.152335
6287	0.140583
6288	0.0957298
6289	0.000647265
6290	-0.0332507
6291	0.12892
6292	0.534539
6293	1.13283
6294	1.83241
6295	2.50074
6296	2.90907
6297	2.85957
6298	2.41656
6299	1.87422
6300	1.49942
6301	1.37012
6302	1.39066
6303	1.41738
6304	1.37831
6305	1.32398
6306	1.37399
6307	1.58577
6308	1.90721
6309	2.23152
6310	2.45194
6311	2.48725
6312	2.27856
6313	1.79432
6314	1.10109
6315	0.3765
6316	-0.227874
6317	-0.675717
6318	-0.976825
6319	-1.07551
6320	-0.835401
6321	-0.159681
6322	0.860698
6323	1.9611
6324	2.87178
6325	3.43044
6326	3.60164
6327	3.43509
6328	3.01715
6329	2.46624
6330	1.91751
6331	1.44183
6332	1.01717
6333	0.611494
6334	0.265938
6335	0.0670646
6336	0.0718764
6337	0.265669
6338	0.569934
6339	0.892542
6340	1.16481
6341	1.34621
6342	1.42422
6343	1.41641
6344	1.34759
6345	1.2346
6346	1.08794
6347	0.92331
6348	0.765088
6349	0.651801
6350	0.62493
6351	0.684951
6352	0.766269
6353	0.77805
6354	0.675098
6355	0.489712
6356	0.291482
6357	0.141638
6358	0.0879394
6359	0.139354
6360	0.238026
6361	0.281362
6362	0.202565
6363	0.0441925
6364	-0.0810848
6365	-0.0826773
6366	0.0612383
6367	0.310857
6368	0.583479
6369	0.787359
6370	0.878941
6371	0.884205
6372	0.853827
6373	0.829516
6374	0.850941
6375	0.938045
6376	1.03552
6377	1.02722
6378	0.849172
6379	0.560762
6380	0.266458
6381	0.0174734
6382	-0.19075
6383	-0.378906
6384	-0.551194
6385	-0.684884
6386	-0.749561
6387	-0.743642
6388	-0.697511
6389	-0.624561
6390	-0.475405
6391	-0.169953
6392	0.313341
6393	0.893566
6394	1.43239
6395	1.80566
6396	1.93423
6397	1.80184
6398	1.4831
6399	1.12532
6400	0.861242
6401	0.734919
6402	0.695758
6403	0.649174
6404	0.524808
6405	0.331926
6406	0.164421
6407	0.118106
6408	0.204639
6409	0.354196
6410	0.483251
6411	0.54802
6412	0.543404
6413	0.468867
6414	0.330061
6415	0.157924
6416	-0.00655676
6417	-0.133652
6418	-0.204879
6419	-0.214624
6420	-0.178016
6421	-0.125117
6422	-0.0867312
6423	-0.0918709
6424	-0.168968
6425	-0.317881
6426	-0.48288
6427	-0.589674
6428	-0.612873
6429	-0.589039
6430	-0.567076
6431	-0.556427
6432	-0.533963
6433	-0.475892
6434	-0.366139
6435	-0.197223
6436	0.0181779
6437	0.235232
6438	0.393064
6439	0.454686
6440	0.419119
6441	0.306929
6442	0.1644
6443	0.0547179
6444	0.0189882
6445	0.0482765
6446	0.102016
6447	0.147652
6448	0.168621
6449	0.145903
6450	0.0619952
6451	-0.0816739
6452	-0.253982
6453	-0.40694
6454	-0.498566
6455	-0.51407
6456	-0.47347
6457	-0.413124
6458	-0.347499
6459	-0.248852
6460	-0.0911958
6461	0.098467
6462	0.264309
6463	0.384363
6464	0.465191
6465	0.485674
6466	0.393555
6467	0.17838
6468	-0.091661
6469	-0.312277
6470	-0.414909
6471	-0.403885
6472	-0.340733
6473	-0.298312
6474	-0.309706
6475	-0.359198
6476	-0.427056
6477	-0.511597
6478	-0.597175
6479	-0.645074
6480	-0.644286
6481	-0.633634
6482	-0.640305
6483	-0.636453
6484	-0.584868
6485	-0.498202
6486	-0.42983
6487	-0.413263
6488	-0.430301
6489	-0.436033
6490	-0.402434
6491	-0.328006
6492	-0.223861
6493	-0.106947
6494	-0.00661364
6495	0.0405796
6496	0.0232844
6497	-0.020487
6498	-0.0306621
6499	0.0117091
6500	0.0625989
6501	0.0600063
6502	-0.0138104
6503	-0.123022
6504	-0.220621
6505	-0.285542
6506	-0.310572
6507	-0.28336
6508	-0.204579
6509	-0.11348
6510	-0.0525473
6511	-0.00720492
6512	0.0752021
6513	0.201385
6514	0.29096
6515	0.246292
6516	0.0562939
6517	-0.198367
6518	-0.42231
6519	-0.570479
6520	-0.650015
6521	-0.676172
6522	-0.645218
6523	-0.556108
6524	-0.445003
6525	-0.363391
6526	-0.313387
6527	-0.241883
6528	-0.119829
6529	-0.00463637
6530	0.00826687
6531	-0.109786
6532	-0.297489
6533	-0.47211
6534	-0.592013
6535	-0.654232
6536	-0.653122
6537	-0.576812
6538	-0.447329
6539	-0.339049
6540	-0.325549
6541	-0.408069
6542	-0.516772
6543	-0.581275
6544	-0.587162
6545	-0.561901
6546	-0.531433
6547	-0.491815
6548	-0.420371
6549	-0.304127
6550	-0.153235
6551	0.0211761
6552	0.222957
6553	0.443704
6554	0.62596
6555	0.684785
6556	0.575311
6557	0.339986
6558	0.0781235
6559	-0.129898
6560	-0.253654
6561	-0.300431
6562	-0.293825
6563	-0.258006
6564	-0.216473
6565	-0.196815
6566	-0.223112
6567	-0.301652
6568	-0.416025
6569	-0.535988
6570	-0.628637
6571	-0.674295
6572	-0.675339
6573	-0.65264
6574	-0.626359
6575	-0.594971
6576	-0.534924
6577	-0.41436
6578	-0.206106
6579	0.093075
6580	0.433376
6581	0.708585
6582	0.808519
6583	0.701815
6584	0.463546
6585	0.21085
6586	0.0136253
6587	-0.131249
6588	-0.267882
6589	-0.435741
6590	-0.637096
6591	-0.83785
6592	-0.989106
6593	-1.05281
6594	-1.01853
6595	-0.908285
6596	-0.769738
6597	-0.646119
6598	-0.54206
6599	-0.439307
6600	-0.343058
6601	-0.286397
6602	-0.286272
6603	-0.318631
6604	-0.344639
6605	-0.336625
6606	-0.285635
6607	-0.201292
6608	-0.107959
6609	-0.0352311
6610	0.00311019
6611	0.0226962
6612	0.0502554
6613	0.0914574
6614	0.119099
6615	0.0959957
6616	0.0119397
6617	-0.104215
6618	-0.204193
6619	-0.250923
6620	-0.236667
6621	-0.179482
6622	-0.117351
6623	-0.0941286
6624	-0.118875
6625	-0.145954
6626	-0.117975
6627	-0.0206326
6628	0.102118
6629	0.180924
6630	0.187282
6631	0.156243
6632	0.136867
6633	0.138256
6634	0.130524
6635	0.0866217
6636	0.00267269
6637	-0.119413
6638	-0.283413
6639	-0.481578
6640	-0.676123
6641	-0.817625
6642	-0.885547
6643	-0.897308
6644	-0.877691
6645	-0.830938
6646	-0.740456
6647	-0.590178
6648	-0.388476
6649	-0.173571
6650	0.0118407
6651	0.154199
6652	0.271096
6653	0.380697
6654	0.477824
6655	0.537588
6656	0.536156
6657	0.473541
6658	0.381002
6659	0.299372
6660	0.251436
6661	0.235505
6662	0.231568
6663	0.214448
6664	0.168061
6665	0.0977778
6666	0.0258869
6667	-0.0297339
6668	-0.0656057
6669	-0.0851687
6670	-0.0892031
6671	-0.0741214
6672	-0.038888
6673	0.00780379
6674	0.0467963
6675	0.0609274
6676	0.0508606
6677	0.0288007
6678	0.00227404
6679	-0.0306198
6680	-0.0753198
6681	-0.132425
6682	-0.194092
6683	-0.249572
6684	-0.293024
6685	-0.320237
6686	-0.320999
6687	-0.285348
6688	-0.215573
6689	-0.129883
6690	-0.0549573
6691	-0.0118004
6692	-0.00477356
6693	-0.0266319
6694	-0.0652271
6695	-0.111886
6696	-0.167259
6697	-0.236019
6698	-0.312404
6699	-0.377869
6700	-0.410613
6701	-0.397233
6702	-0.343607
6703	-0.258568
6704	-0.135407
6705	0.0348678
6706	0.226616
6707	0.386132
6708	0.47126
6709	0.482541
6710	0.453077
6711	0.416822
6712	0.387352
6713	0.362394
6714	0.329636
6715	0.266889
6716	0.153874
6717	-0.00273025
6718	-0.160561
6719	-0.272595
6720	-0.320121
6721	-0.322545
6722	-0.321981
6723	-0.35323
6724	-0.423832
6725	-0.511292
6726	-0.573164
6727	-0.572319
6728	-0.496184
6729	-0.354342
6730	-0.172494
6731	0.00744555
6732	0.143233
6733	0.218165
6734	0.252712
6735	0.289826
6736	0.361085
6737	0.458913
6738	0.539948
6739	0.558304
6740	0.507987
6741	0.427308
6742	0.345622
6743	0.253208
6744	0.132235
6745	-0.00176939
6746	-0.104804
6747	-0.152506
6748	-0.168698
6749	-0.202513
6750	-0.276924
6751	-0.370467
6752	-0.453807
6753	-0.518181
6754	-0.560007
6755	-0.564617
6756	-0.522171
6757	-0.441737
6758	-0.340215
6759	-0.228041
6760	-0.108452
6761	0.0125213
6762	0.121633
6763	0.20588
6764	0.260351
6765	0.289328
6766	0.295996
6767	0.274246
6768	0.221575
6769	0.15347
6770	0.100683
6771	0.0888009
6772	0.117938
6773	0.170716
6774	0.230896
6775	0.285498
6776	0.314294
6777	0.289853
6778	0.199305
6779	0.0636878
6780	-0.0779022
6781	-0.200211
6782	-0.298242
6783	-0.374738
6784	-0.429293
6785	-0.453018
6786	-0.429563
6787	-0.344773
6788	-0.204296
6789	-0.0436478
6790	0.0924406
6791	0.182045
6792	0.224766
6793	0.219257
6794	0.161889
6795	0.0626707
6796	-0.0506209
6797	-0.148426
6798	-0.215852
6799	-0.257723
6800	-0.287301
6801	-0.303507
6802	-0.281473
6803	-0.193276
6804	-0.0462023
6805	0.0983975
6806	0.183271
6807	0.206349
6808	0.186508
6809	0.134649
6810	0.0608203
6811	-0.0158218
6812	-0.0706297
6813	-0.0889694
6814	-0.0830261
6815	-0.0843626
6816	-0.117628
6817	-0.179374
6818	-0.232891
6819	-0.230472
6820	-0.152485
6821	-0.0288635
6822	0.0859899
6823	0.155821
6824	0.174489
6825	0.147956
6826	0.0908908
6827	0.0400576
6828	0.0373938
6829	0.0825437
6830	0.12598
6831	0.109677
6832	0.00779795
6833	-0.148628
6834	-0.296941
6835	-0.405054
6836	-0.480835
6837	-0.541376
6838	-0.590746
6839	-0.626994
6840	-0.664577
6841	-0.713247
6842	-0.731867
6843	-0.64082
6844	-0.40524
6845	-0.0840755
6846	0.226297
6847	0.469903
6848	0.631646
6849	0.696807
6850	0.665005
6851	0.57371
6852	0.462565
6853	0.339114
6854	0.178802
6855	-0.0537711
6856	-0.380506
6857	-0.779231
6858	-1.14578
6859	-1.3599
6860	-1.38827
6861	-1.26563
6862	-1.06241
6863	-0.850583
6864	-0.673534
6865	-0.547105
6866	-0.4587
6867	-0.374325
6868	-0.26975
6869	-0.160031
6870	-0.0808188
6871	-0.0393475
6872	-0.00922703
6873	0.0311119
6874	0.0733308
6875	0.0891442
6876	0.0631194
6877	0.0185503
6878	0.010694
6879	0.0968901
6880	0.303405
6881	0.604293
6882	0.910435
6883	1.09483
6884	1.0509
6885	0.720274
6886	0.192623
6887	-0.269196
6888	-0.522045
6889	-0.63163
6890	-0.731166
6891	-0.865306
6892	-0.960956
6893	-0.955408
6894	-0.813802
6895	-0.545887
6896	-0.265404
6897	-0.152187
6898	-0.285539
6899	-0.542392
6900	-0.778273
6901	-0.925333
6902	-0.959226
6903	-0.918509
6904	-0.854372
6905	-0.795775
6906	-0.755135
6907	-0.701715
6908	-0.550599
6909	-0.224047
6910	0.22935
6911	0.608086
6912	0.765374
6913	0.744494
6914	0.665229
6915	0.599366
6916	0.527405
6917	0.366907
6918	0.0938691
6919	-0.249042
6920	-0.632327
6921	-1.00129
6922	-1.22375
6923	-1.19117
6924	-0.926522
6925	-0.591589
6926	-0.336541
6927	-0.184644
6928	-0.0864115
6929	0.0279455
6930	0.205052
6931	0.416258
6932	0.534351
6933	0.405124
6934	0.0213566
6935	-0.39415
6936	-0.641103
6937	-0.71798
6938	-0.694866
6939	-0.60807
6940	-0.473854
6941	-0.3072
6942	-0.120848
6943	0.069818
6944	0.233171
6945	0.324628
6946	0.325438
6947	0.213733
6948	-0.0129628
6949	-0.283469
6950	-0.531022
6951	-0.741523
6952	-0.925303
6953	-1.07225
6954	-1.10698
6955	-0.910232
6956	-0.37926
6957	0.446802
6958	1.27798
6959	1.91647
6960	2.35168
6961	2.55759
6962	2.50518
6963	2.22365
6964	1.83554
6965	1.4153
6966	0.926329
6967	0.330177
6968	-0.320351
6969	-0.895017
6970	-1.28361
6971	-1.45188
6972	-1.42123
6973	-1.24901
6974	-1.0027
6975	-0.725873
6976	-0.440852
6977	-0.165597
6978	0.099134
6979	0.379612
6980	0.706318
6981	1.05234
6982	1.2738
6983	1.21683
6984	0.907555
6985	0.512178
6986	0.161715
6987	-0.0914724
6988	-0.221097
6989	-0.220763
6990	-0.150213
6991	-0.137047
6992	-0.2452
6993	-0.40834
6994	-0.498058
6995	-0.472773
6996	-0.395197
6997	-0.344981
6998	-0.364088
6999	-0.42406
7000	-0.448849
7001	-0.392457
7002	-0.257204
7003	-0.0653098
7004	0.141489
7005	0.280419
7006	0.260228
7007	0.0860599
7008	-0.151191
7009	-0.340204
7010	-0.402181
7011	-0.372393
7012	-0.417739
7013	-0.683771
7014	-1.15538
7015	-1.54487
7016	-1.61511
7017	-1.53146
7018	-1.4974
7019	-1.5612
7020	-1.671
7021	-1.69684
7022	-1.49405
7023	-1.07061
7024	-0.547511
7025	-0.0565836
7026	0.314196
7027	0.567951
7028	0.739265
7029	0.802375
7030	0.668273
7031	0.326515
7032	-0.0895778
7033	-0.490757
7034	-0.849744
7035	-1.13878
7036	-1.34899
7037	-1.46861
7038	-1.50035
7039	-1.4772
7040	-1.40763
7041	-1.27017
7042	-1.04734
7043	-0.727131
7044	-0.354591
7045	-0.046292
7046	0.139499
7047	0.238554
7048	0.311969
7049	0.393582
7050	0.482086
7051	0.553158
7052	0.57534
7053	0.542235
7054	0.484072
7055	0.420564
7056	0.332531
7057	0.194343
7058	0.0171043
7059	-0.159333
7060	-0.31398
7061	-0.466948
7062	-0.644823
7063	-0.83881
7064	-1.00229
7065	-1.07353
7066	-1.01781
7067	-0.858964
7068	-0.661528
7069	-0.483297
7070	-0.369398
7071	-0.342716
7072	-0.377457
7073	-0.416664
7074	-0.415599
7075	-0.373417
7076	-0.342506
7077	-0.376378
7078	-0.456691
7079	-0.509109
7080	-0.49585
7081	-0.437179
7082	-0.362567
7083	-0.281681
7084	-0.192017
7085	-0.09887
7086	-0.0113697
7087	0.0771465
7088	0.173793
7089	0.250766
7090	0.255701
7091	0.166114
7092	0.0250293
7093	-0.0944182
7094	-0.152991
7095	-0.165134
7096	-0.170467
7097	-0.193736
7098	-0.235076
7099	-0.284348
7100	-0.325442
7101	-0.328691
7102	-0.25857
7103	-0.116006
7104	0.0311739
7105	0.105921
7106	0.0962964
7107	0.0486319
7108	0.014433
7109	0.0123405
7110	0.0296512
7111	0.050725
7112	0.0722517
7113	0.090128
7114	0.092338
7115	0.0731735
7116	0.0443017
7117	0.0244706
7118	0.0260123
7119	0.0528152
7120	0.103989
7121	0.170247
7122	0.230749
7123	0.268517
7124	0.275393
7125	0.24799
7126	0.201968
7127	0.166388
7128	0.154976
7129	0.161587
7130	0.169602
7131	0.160692
7132	0.125654
7133	0.0671745
7134	-0.00137852
7135	-0.0494812
7136	-0.0546037
7137	-0.0277946
7138	0.00903407
7139	0.0408855
7140	0.0637937
7141	0.0844825
7142	0.112604
7143	0.152178
7144	0.19806
7145	0.243772
7146	0.288292
7147	0.323121
7148	0.330222
7149	0.31158
7150	0.289635
7151	0.27967
7152	0.282179
7153	0.291445
7154	0.309687
7155	0.347465
7156	0.403278
7157	0.437808
7158	0.39708
7159	0.293867
7160	0.189863
7161	0.124772
7162	0.104741
7163	0.121289
7164	0.164977
7165	0.223099
7166	0.28035
7167	0.331291
7168	0.37354
7169	0.392975
7170	0.389814
7171	0.385169
7172	0.391669
7173	0.406035
7174	0.417645
7175	0.42256
7176	0.4255
7177	0.427356
7178	0.42166
7179	0.405016
7180	0.380718
7181	0.355158
7182	0.339233
7183	0.346302
7184	0.383618
7185	0.439717
7186	0.484496
7187	0.494086
7188	0.469285
7189	0.429902
7190	0.400387
7191	0.393438
7192	0.406088
7193	0.427526
7194	0.443291
7195	0.435789
7196	0.390479
7197	0.316343
7198	0.2532
7199	0.236821
7200	0.270135
7201	0.333935
7202	0.416046
7203	0.518706
7204	0.641481
7205	0.775657
7206	0.915414
7207	1.04413
7208	1.12748
7209	1.15742
7210	1.16537
7211	1.15627
7212	1.08163
7213	0.954182
7214	0.860256
7215	0.823341
7216	0.800646
7217	0.745113
7218	0.669892
7219	0.64017
7220	0.692616
7221	0.803048
7222	0.886052
7223	0.831129
7224	0.639757
7225	0.44498
7226	0.33554
7227	0.326776
7228	0.418376
7229	0.607737
7230	0.873345
7231	1.10991
7232	1.15174
7233	1.04519
7234	0.958812
7235	0.963914
7236	0.985701
7237	0.865847
7238	0.685772
7239	0.561728
7240	0.492484
7241	0.453274
7242	0.426669
7243	0.412952
7244	0.424407
7245	0.458072
7246	0.483774
7247	0.474136
7248	0.451031
7249	0.447173
7250	0.46326
7251	0.477138
7252	0.482478
7253	0.501822
7254	0.562705
7255	0.686028
7256	0.870476
7257	1.08592
7258	1.33611
7259	1.6985
7260	2.20881
7261	2.70266
7262	2.97321
7263	3.02563
7264	2.96189
7265	2.8586
7266	2.73701
7267	2.63712
7268	2.65526
7269	2.86225
7270	3.18967
7271	3.47134
7272	3.6538
7273	3.8236
7274	4.05989
7275	4.1424
7276	3.74506
7277	3.05498
7278	2.3358
7279	1.61614
7280	1.00967
7281	0.646395
7282	0.492281
7283	0.474804
7284	0.54959
7285	0.666357
7286	0.777571
7287	0.941701
7288	1.28188
7289	1.7779
7290	2.05112
7291	1.93664
7292	1.77145
7293	1.72122
7294	1.75684
7295	1.81807
7296	1.89682
7297	2.02845
7298	2.18098
7299	2.14724
7300	1.60966
7301	0.645344
7302	-0.139256
7303	-0.521476
7304	-0.617032
7305	-0.538095
7306	-0.418565
7307	-0.340538
7308	-0.282754
7309	-0.127493
7310	0.560138
7311	1.5177
7312	1.35574
7313	1.03271
7314	0.773817
7315	0.592133
7316	0.506257
7317	0.499096
7318	0.548761
7319	0.610165
7320	0.575966
7321	0.468632
7322	0.350207
7323	0.222429
7324	0.170573
7325	0.202116
7326	0.320448
7327	0.617908
7328	1.33398
7329	2.17216
7330	1.70277
7331	0.883045
7332	0.422141
7333	0.176933
7334	0.0208326
7335	-0.0789297
7336	-0.110237
7337	-0.0613024
7338	0.0845675
7339	0.193993
7340	0.1911
7341	0.20482
7342	0.26268
7343	0.349031
7344	0.423042
7345	0.468992
7346	0.519229
7347	0.592401
7348	0.609179
7349	0.429715
7350	0.252042
7351	0.195326
7352	0.182812
7353	0.168729
7354	0.14493
7355	0.119798
7356	0.112526
7357	0.159823
7358	0.284456
7359	0.424802
7360	0.49866
7361	0.520663
7362	0.561247
7363	0.594119
7364	0.505729
7365	0.333347
7366	0.0588413
7367	-0.290757
7368	-0.446585
7369	-0.331015
7370	-0.0109907
7371	0.440828
7372	0.63637
7373	0.465512
7374	0.365966
7375	0.416476
7376	0.575967
7377	0.903679
7378	1.3715
7379	1.55407
7380	1.34401
7381	1.14739
7382	1.1027
7383	1.16399
7384	1.23545
7385	1.25124
7386	1.22663
7387	1.18599
7388	1.06625
7389	0.761805
7390	0.322605
7391	-0.124624
7392	-0.526993
7393	-0.787521
7394	-0.821995
7395	-0.664021
7396	-0.346783
7397	0.201265
7398	0.983578
7399	1.7355
7400	2.27671
7401	2.71134
7402	3.09502
7403	3.29789
7404	3.24431
7405	3.05277
7406	2.85238
7407	2.69359
7408	2.6242
7409	2.68003
7410	2.76247
7411	2.62029
7412	2.09627
7413	1.46528
7414	1.02302
7415	0.805424
7416	0.818277
7417	1.06922
7418	1.47589
7419	1.91295
7420	2.41181
7421	3.19508
7422	4.31112
7423	5.47146
7424	6.39848
7425	7.05422
7426	7.47647
7427	7.5882
7428	7.37818
7429	7.1517
7430	7.22409
7431	7.59265
7432	8.06632
7433	8.50237
7434	8.7686
7435	8.63956
7436	8.04143
7437	7.26185
7438	6.65386
7439	6.29979
7440	6.07908
7441	5.84821
7442	5.42578
7443	4.53685
7444	3.09528
7445	1.63969
7446	0.852547
7447	0.839975
7448	1.323
7449	1.94111
7450	2.40658
7451	2.6118
7452	2.66073
7453	2.78916
7454	3.21928
7455	4.00326
7456	4.92944
7457	5.60254
7458	5.69962
7459	5.14234
7460	4.15786
7461	3.24895
7462	2.77723
7463	2.66253
7464	2.59843
7465	2.35228
7466	1.90649
7467	1.37775
7468	0.89325
7469	0.6259
7470	0.784692
7471	1.46191
7472	2.5043
7473	3.63299
7474	4.6721
7475	5.5241
7476	6.08469
7477	6.35407
7478	6.44446
7479	6.41456
7480	6.23372
7481	5.88361
7482	5.36101
7483	4.59841
7484	3.57461
7485	2.5781
7486	2.06515
7487	2.21608
7488	2.85855
7489	3.71118
7490	4.47055
7491	4.85163
7492	4.75848
7493	4.28891
7494	3.72939
7495	3.05911
7496	2.39433
7497	1.80843
7498	1.32818
7499	0.950783
7500	0.660823
