# Wavelength	Beta
4400	-0.0404292
4401	-0.0279967
4402	-0.012714
4403	0.00574057
4404	0.0275669
4405	0.0527484
4406	0.0809462
4407	0.111412
4408	0.140063
4409	0.178465
4410	0.220182
4411	0.256735
4412	0.282488
4413	0.298756
4414	0.31105
4415	0.322891
4416	0.331752
4417	0.328625
4418	0.302866
4419	0.250828
4420	0.18257
4421	0.119261
4422	0.0793115
4423	0.0664101
4424	0.0725847
4425	0.087434
4426	0.101912
4427	0.108728
4428	0.104952
4429	0.0963426
4430	0.0976405
4431	0.123231
4432	0.173549
4433	0.230248
4434	0.267451
4435	0.271226
4436	0.251659
4437	0.234654
4438	0.241085
4439	0.276248
4440	0.332001
4441	0.391864
4442	0.439758
4443	0.469361
4444	0.484608
4445	0.492035
4446	0.492017
4447	0.478584
4448	0.448489
4449	0.407084
4450	0.364393
4451	0.329815
4452	0.311021
4453	0.313536
4454	0.338531
4455	0.380897
4456	0.43065
4457	0.478708
4458	0.521881
4459	0.558793
4460	0.582525
4461	0.582174
4462	0.553193
4463	0.504044
4464	0.450475
4465	0.404405
4466	0.371516
4467	0.35605
4468	0.360838
4469	0.380235
4470	0.40021
4471	0.412525
4472	0.425212
4473	0.453871
4474	0.50091
4475	0.549336
4476	0.579904
4477	0.591681
4478	0.601454
4479	0.620898
4480	0.642876
4481	0.653185
4482	0.645599
4483	0.622548
4484	0.589034
4485	0.549372
4486	0.505643
4487	0.458875
4488	0.413763
4489	0.378505
4490	0.360224
4491	0.364043
4492	0.394988
4493	0.454973
4494	0.535766
4495	0.619512
4496	0.686664
4497	0.725353
4498	0.738522
4499	0.74497
4500	0.767491
4501	0.807242
4502	0.833818
4503	0.818116
4504	0.767208
4505	0.715467
4506	0.690213
4507	0.694573
4508	0.715991
4509	0.739323
4510	0.753565
4511	0.751575
4512	0.727576
4513	0.681183
4514	0.623271
4515	0.571873
4516	0.539424
4517	0.524744
4518	0.520025
4519	0.523897
4520	0.541225
4521	0.568539
4522	0.591601
4523	0.604515
4524	0.621216
4525	0.660434
4526	0.721798
4527	0.779112
4528	0.800841
4529	0.778
4530	0.72784
4531	0.675918
4532	0.640521
4533	0.628904
4534	0.639851
4535	0.665077
4536	0.688354
4537	0.690611
4538	0.664492
4539	0.623903
4540	0.594343
4541	0.590443
4542	0.603722
4543	0.615416
4544	0.61658
4545	0.612161
4546	0.612659
4547	0.626044
4548	0.655291
4549	0.69652
4550	0.737765
4551	0.7663
4552	0.778684
4553	0.781148
4554	0.781416
4555	0.780742
4556	0.773055
4557	0.751072
4558	0.714272
4559	0.672662
4560	0.641032
4561	0.627716
4562	0.629014
4563	0.635242
4564	0.639861
4565	0.639664
4566	0.632542
4567	0.625268
4568	0.638082
4569	0.688284
4570	0.768923
4571	0.852123
4572	0.914912
4573	0.955296
4574	0.9827
4575	1.00329
4576	1.02062
4577	1.03961
4578	1.05848
4579	1.06538
4580	1.05199
4581	1.02234
4582	0.990007
4583	0.971433
4584	0.974398
4585	0.988032
4586	0.988588
4587	0.966784
4588	0.946529
4589	0.958752
4590	1.00585
4591	1.06888
4592	1.13802
4593	1.21856
4594	1.30806
4595	1.3832
4596	1.41566
4597	1.40403
4598	1.37053
4599	1.32022
4600	1.23102
4601	1.08285
4602	0.89608
4603	0.740008
4604	0.675187
4605	0.703383
4606	0.786451
4607	0.891623
4608	1.01166
4609	1.14241
4610	1.25847
4611	1.33592
4612	1.37967
4613	1.40841
4614	1.42506
4615	1.41795
4616	1.3809
4617	1.32194
4618	1.26183
4619	1.21839
4620	1.19312
4621	1.18026
4622	1.17633
4623	1.17969
4624	1.19202
4625	1.21664
4626	1.25118
4627	1.29056
4628	1.33148
4629	1.37399
4630	1.42352
4631	1.4871
4632	1.57321
4633	1.69327
4634	1.83467
4635	1.93748
4636	1.94304
4637	1.86509
4638	1.75629
4639	1.63461
4640	1.48493
4641	1.30695
4642	1.12502
4643	0.95169
4644	0.790176
4645	0.669139
4646	0.637349
4647	0.720718
4648	0.905221
4649	1.15378
4650	1.41793
4651	1.63816
4652	1.77394
4653	1.8548
4654	1.96135
4655	2.1107
4656	2.22494
4657	2.25553
4658	2.21923
4659	2.13765
4660	2.0411
4661	1.96411
4662	1.89559
4663	1.76597
4664	1.52337
4665	1.19926
4666	0.856366
4667	0.538304
4668	0.290858
4669	0.170016
4670	0.207064
4671	0.381247
4672	0.618639
4673	0.856179
4674	1.09306
4675	1.3361
4676	1.5581
4677	1.73166
4678	1.84876
4679	1.89885
4680	1.88286
4681	1.83795
4682	1.81819
4683	1.86274
4684	1.97342
4685	2.10983
4686	2.21231
4687	2.23006
4688	2.13078
4689	1.93411
4690	1.73225
4691	1.59102
4692	1.45501
4693	1.22428
4694	0.917939
4695	0.644903
4696	0.456792
4697	0.341073
4698	0.287502
4699	0.317577
4700	0.446862
4701	0.631598
4702	0.798162
4703	0.916295
4704	1.00849
4705	1.12748
4706	1.31295
4707	1.54997
4708	1.76759
4709	1.88285
4710	1.87959
4711	1.81342
4712	1.7339
4713	1.65579
4714	1.57038
4715	1.46031
4716	1.32533
4717	1.1984
4718	1.11066
4719	1.05207
4720	0.996804
4721	0.946569
4722	0.908884
4723	0.859254
4724	0.753286
4725	0.583959
4726	0.399009
4727	0.259575
4728	0.21181
4729	0.270291
4730	0.395554
4731	0.502443
4732	0.534149
4733	0.520285
4734	0.5303
4735	0.593375
4736	0.683125
4737	0.756089
4738	0.788184
4739	0.781727
4740	0.763262
4741	0.770336
4742	0.82456
4743	0.916557
4744	1.01072
4745	1.06677
4746	1.06574
4747	1.01568
4748	0.934455
4749	0.832232
4750	0.701188
4751	0.515318
4752	0.263577
4753	-0.024521
4754	-0.297105
4755	-0.501886
4756	-0.599763
4757	-0.58691
4758	-0.485949
4759	-0.318055
4760	-0.114598
4761	0.0783727
4762	0.239096
4763	0.370685
4764	0.461454
4765	0.485024
4766	0.435234
4767	0.335842
4768	0.229724
4769	0.158984
4770	0.132066
4771	0.1191
4772	0.0951034
4773	0.0809227
4774	0.126132
4775	0.254653
4776	0.427988
4777	0.565041
4778	0.617445
4779	0.593468
4780	0.514681
4781	0.405128
4782	0.301353
4783	0.228769
4784	0.178825
4785	0.123589
4786	0.0515331
4787	-0.0220146
4788	-0.0747874
4789	-0.0942289
4790	-0.0873137
4791	-0.0785239
4792	-0.0910985
4793	-0.125701
4794	-0.158812
4795	-0.163672
4796	-0.13149
4797	-0.0735198
4798	-0.00658214
4799	0.0617439
4800	0.132584
4801	0.204349
4802	0.26894
4803	0.315175
4804	0.326801
4805	0.287158
4806	0.195585
4807	0.0742303
4808	-0.0455194
4809	-0.139384
4810	-0.194907
4811	-0.215987
4812	-0.226358
4813	-0.246303
4814	-0.268355
4815	-0.266634
4816	-0.221202
4817	-0.138845
4818	-0.0475977
4819	0.032992
4820	0.0978775
4821	0.14306
4822	0.165314
4823	0.166273
4824	0.147741
4825	0.105915
4826	0.037226
4827	-0.050138
4828	-0.137804
4829	-0.209019
4830	-0.253713
4831	-0.265576
4832	-0.242642
4833	-0.19109
4834	-0.120573
4835	-0.0373826
4836	0.0531106
4837	0.140472
4838	0.211899
4839	0.260335
4840	0.283608
4841	0.278182
4842	0.242645
4843	0.186547
4844	0.126937
4845	0.0752536
4846	0.0313992
4847	-0.0085731
4848	-0.0449538
4849	-0.0760299
4850	-0.100735
4851	-0.118831
4852	-0.130989
4853	-0.139889
4854	-0.149415
4855	-0.161077
4856	-0.171354
4857	-0.173714
4858	-0.163328
4859	-0.138886
4860	-0.104026
4861	-0.069393
4862	-0.0475377
4863	-0.0446221
4864	-0.0598659
4865	-0.0892064
4866	-0.1257
4867	-0.158778
4868	-0.179939
4869	-0.19124
4870	-0.20172
4871	-0.214158
4872	-0.221415
4873	-0.218231
4874	-0.210311
4875	-0.206403
4876	-0.205686
4877	-0.198039
4878	-0.175705
4879	-0.142821
4880	-0.113432
4881	-0.0983316
4882	-0.0959794
4883	-0.0974316
4884	-0.096211
4885	-0.0908376
4886	-0.0802276
4887	-0.0626649
4888	-0.0408593
4889	-0.0239831
4890	-0.0207811
4891	-0.0317287
4892	-0.049375
4893	-0.0650719
4894	-0.0737494
4895	-0.0738159
4896	-0.0677255
4897	-0.0635642
4898	-0.0686977
4899	-0.0820317
4900	-0.0976852
4901	-0.112954
4902	-0.128863
4903	-0.145982
4904	-0.163126
4905	-0.178814
4906	-0.192073
4907	-0.201476
4908	-0.205015
4909	-0.202284
4910	-0.194092
4911	-0.179951
4912	-0.160098
4913	-0.139834
4914	-0.129008
4915	-0.135398
4916	-0.15728
4917	-0.184173
4918	-0.205048
4919	-0.214224
4920	-0.212178
4921	-0.203276
4922	-0.190998
4923	-0.176895
4924	-0.165742
4925	-0.16588
4926	-0.178662
4927	-0.192172
4928	-0.189678
4929	-0.164813
4930	-0.128439
4931	-0.0995887
4932	-0.0909558
4933	-0.10343
4934	-0.12706
4935	-0.144258
4936	-0.139778
4937	-0.111463
4938	-0.0708069
4939	-0.0362575
4940	-0.0227446
4941	-0.0342623
4942	-0.0667418
4943	-0.112147
4944	-0.159486
4945	-0.197728
4946	-0.220706
4947	-0.229593
4948	-0.231124
4949	-0.233449
4950	-0.240133
4951	-0.245364
4952	-0.237314
4953	-0.2097
4954	-0.167564
4955	-0.121663
4956	-0.0818516
4957	-0.0548049
4958	-0.0434315
4959	-0.0483799
4960	-0.0698643
4961	-0.104629
4962	-0.139652
4963	-0.155335
4964	-0.14233
4965	-0.112523
4966	-0.0852639
4967	-0.0668802
4968	-0.0515356
4969	-0.0347096
4970	-0.0218103
4971	-0.0237217
4972	-0.043305
4973	-0.0700199
4974	-0.0909438
4975	-0.103027
4976	-0.112745
4977	-0.126293
4978	-0.142433
4979	-0.152718
4980	-0.150148
4981	-0.137776
4982	-0.123679
4983	-0.11093
4984	-0.096578
4985	-0.0798472
4986	-0.0656567
4987	-0.0596088
4988	-0.0628407
4989	-0.0718025
4990	-0.0827392
4991	-0.095224
4992	-0.110647
4993	-0.125369
4994	-0.126623
4995	-0.107835
4996	-0.0830139
4997	-0.0705445
4998	-0.0796562
4999	-0.10887
5000	-0.145088
5001	-0.16761
5002	-0.170275
5003	-0.167586
5004	-0.168509
5005	-0.170364
5006	-0.169605
5007	-0.168824
5008	-0.171639
5009	-0.174385
5010	-0.168049
5011	-0.150773
5012	-0.132139
5013	-0.118121
5014	-0.105053
5015	-0.0884196
5016	-0.0739088
5017	-0.0740295
5018	-0.093271
5019	-0.124087
5020	-0.15405
5021	-0.175434
5022	-0.183141
5023	-0.176609
5024	-0.162261
5025	-0.146227
5026	-0.133997
5027	-0.131808
5028	-0.142801
5029	-0.164242
5030	-0.187072
5031	-0.198888
5032	-0.193107
5033	-0.183869
5034	-0.198403
5035	-0.247981
5036	-0.31798
5037	-0.377823
5038	-0.409459
5039	-0.418124
5040	-0.419687
5041	-0.428201
5042	-0.438483
5043	-0.416375
5044	-0.359148
5045	-0.302701
5046	-0.245434
5047	-0.162792
5048	-0.068367
5049	-0.0196591
5050	-0.0437455
5051	-0.131988
5052	-0.238222
5053	-0.312384
5054	-0.333986
5055	-0.30118
5056	-0.236712
5057	-0.17221
5058	-0.128145
5059	-0.112967
5060	-0.127858
5061	-0.163436
5062	-0.202093
5063	-0.226407
5064	-0.215684
5065	-0.171688
5066	-0.130009
5067	-0.119157
5068	-0.133039
5069	-0.149038
5070	-0.156327
5071	-0.12947
5072	0.0181557
5073	0.259422
5074	0.362529
5075	0.341893
5076	0.257097
5077	0.134597
5078	0.013952
5079	-0.0894097
5080	-0.193423
5081	-0.33993
5082	-0.539759
5083	-0.66472
5084	-0.626717
5085	-0.519666
5086	-0.411399
5087	-0.332823
5088	-0.29793
5089	-0.280537
5090	-0.245569
5091	-0.195542
5092	-0.149105
5093	-0.116584
5094	-0.104432
5095	-0.12955
5096	-0.198226
5097	-0.273099
5098	-0.311263
5099	-0.269338
5100	-0.136653
5101	0.0222365
5102	0.134802
5103	0.164531
5104	0.0770676
5105	-0.0862172
5106	-0.193527
5107	-0.215976
5108	-0.200297
5109	-0.190844
5110	-0.220008
5111	-0.305244
5112	-0.3759
5113	-0.343327
5114	-0.264522
5115	-0.170496
5116	-0.0452255
5117	0.113447
5118	0.260393
5119	0.32554
5120	0.316045
5121	0.300775
5122	0.311153
5123	0.335385
5124	0.361091
5125	0.402241
5126	0.466177
5127	0.512063
5128	0.50401
5129	0.453345
5130	0.327741
5131	0.117538
5132	-0.0444189
5133	-0.104133
5134	-0.12089
5135	-0.172824
5136	-0.292922
5137	-0.384026
5138	-0.418029
5139	-0.426283
5140	-0.409297
5141	-0.343823
5142	-0.247503
5143	-0.192174
5144	-0.217581
5145	-0.299692
5146	-0.363629
5147	-0.358806
5148	-0.239271
5149	-0.0460633
5150	0.0819545
5151	0.091617
5152	0.00082044
5153	-0.14119
5154	-0.231762
5155	-0.257203
5156	-0.271944
5157	-0.306013
5158	-0.366999
5159	-0.438674
5160	-0.436633
5161	-0.27315
5162	-0.0559208
5163	0.0768272
5164	0.129484
5165	0.146928
5166	0.164192
5167	0.189896
5168	0.206693
5169	0.210613
5170	0.223588
5171	0.232868
5172	0.183843
5173	0.0733958
5174	-0.0441479
5175	-0.135124
5176	-0.162833
5177	-0.105145
5178	-0.0127364
5179	0.0294371
5180	-0.0161472
5181	-0.131759
5182	-0.233941
5183	-0.249381
5184	-0.181342
5185	-0.0613811
5186	0.0447694
5187	0.0632198
5188	0.0137694
5189	-0.0448732
5190	-0.0936581
5191	-0.138468
5192	-0.168546
5193	-0.175581
5194	-0.175713
5195	-0.187241
5196	-0.211528
5197	-0.228669
5198	-0.22262
5199	-0.176964
5200	-0.0713048
5201	0.0868777
5202	0.243428
5203	0.347469
5204	0.401002
5205	0.433405
5206	0.462896
5207	0.494475
5208	0.52863
5209	0.560522
5210	0.579896
5211	0.560589
5212	0.435479
5213	0.160349
5214	-0.145832
5215	-0.383407
5216	-0.519679
5217	-0.525146
5218	-0.454906
5219	-0.380462
5220	-0.305136
5221	-0.17734
5222	-0.000941217
5223	0.146259
5224	0.230936
5225	0.238656
5226	0.170708
5227	0.0361578
5228	-0.131
5229	-0.236787
5230	-0.282993
5231	-0.314577
5232	-0.330818
5233	-0.317209
5234	-0.280175
5235	-0.223082
5236	-0.13177
5237	0.022336
5238	0.249559
5239	0.481152
5240	0.618565
5241	0.609425
5242	0.488671
5243	0.368046
5244	0.289732
5245	0.236546
5246	0.184346
5247	0.11428
5248	0.0174215
5249	-0.0831747
5250	-0.150257
5251	-0.179186
5252	-0.163496
5253	-0.0780115
5254	0.0298387
5255	0.0640134
5256	0.0231426
5257	-0.0418717
5258	-0.0834622
5259	-0.0812701
5260	-0.0461045
5261	0.0130527
5262	0.0819085
5263	0.140478
5264	0.184368
5265	0.210327
5266	0.214047
5267	0.20729
5268	0.202286
5269	0.197048
5270	0.186114
5271	0.17123
5272	0.155809
5273	0.142268
5274	0.13272
5275	0.127211
5276	0.12349
5277	0.118861
5278	0.11288
5279	0.106887
5280	0.100739
5281	0.0926623
5282	0.0823775
5283	0.0716623
5284	0.0620094
5285	0.0533956
5286	0.0451609
5287	0.0372457
5288	0.0303732
5289	0.0254383
5290	0.0227147
5291	0.0217282
5292	0.0217261
5293	0.0220086
5294	0.0221429
5295	0.0221192
5296	0.0221923
5297	0.0225145
5298	0.022966
5299	0.0232942
5300	0.0232906
5301	0.022897
5302	0.0222197
5303	0.0213905
5304	0.0204136
5305	0.0191861
5306	0.0176584
5307	0.0158895
5308	0.0139401
5309	0.0117884
5310	0.00934806
5311	0.006548
5312	0.00340808
5313	6.52652e-05
5314	-0.00322467
5315	-0.00607093
5316	-0.00805821
5317	-0.00906688
5318	-0.00941624
5319	-0.00954347
5320	-0.00968894
5321	-0.0100071
5322	-0.0107571
5323	-0.0120875
5324	-0.0137317
5325	-0.0152806
5326	-0.0168418
5327	-0.0189917
5328	-0.0218864
5329	-0.0249592
5330	-0.0275261
5331	-0.0291369
5332	-0.0294697
5333	-0.0285763
5334	-0.0271973
5335	-0.0262421
5336	-0.0259726
5337	-0.0257777
5338	-0.0251956
5339	-0.0247663
5340	-0.0246946
5341	-0.0240823
5342	-0.0225335
5343	-0.0213238
5344	-0.0221691
5345	-0.0251563
5346	-0.02815
5347	-0.0286469
5348	-0.0263344
5349	-0.0232277
5350	-0.0215108
5351	-0.021908
5352	-0.0231229
5353	-0.0230909
5354	-0.0219612
5355	-0.0217111
5356	-0.0220527
5357	-0.0197377
5358	-0.013048
5359	-0.00401152
5360	0.00597873
5361	0.0198859
5362	0.0414497
5363	0.0685131
5364	0.0946592
5365	0.116501
5366	0.135996
5367	0.157608
5368	0.184432
5369	0.217146
5370	0.255065
5371	0.292377
5372	0.312587
5373	0.301064
5374	0.267085
5375	0.231812
5376	0.209655
5377	0.209385
5378	0.23525
5379	0.2811
5380	0.315849
5381	0.287078
5382	0.212167
5383	0.159962
5384	0.150354
5385	0.189488
5386	0.293686
5387	0.480064
5388	0.677044
5389	0.608519
5390	0.353656
5391	0.188057
5392	0.112743
5393	0.0801318
5394	0.0661428
5395	0.062025
5396	0.0704631
5397	0.107962
5398	0.145457
5399	0.11953
5400	0.0886355
5401	0.0725062
5402	0.0674186
5403	0.0697652
5404	0.0777245
5405	0.090804
5406	0.10672
5407	0.107745
5408	0.0711579
5409	0.0355604
5410	0.0168241
5411	0.00804047
5412	0.00555831
5413	0.0077399
5414	0.0134735
5415	0.022382
5416	0.0348846
5417	0.0447511
5418	0.0434357
5419	0.0379713
5420	0.0324431
5421	0.0291225
5422	0.0331652
5423	0.0528851
5424	0.103089
5425	0.207389
5426	0.303752
5427	0.27367
5428	0.238124
5429	0.245144
5430	0.287035
5431	0.373393
5432	0.569354
5433	1.12103
5434	2.9272
5435	6.62819
5436	6.3235
5437	4.85762
5438	4.61125
5439	3.4335
5440	0.45018
5441	-0.108213
5442	-0.177852
5443	-0.175214
5444	-0.15696
5445	-0.145677
5446	-0.156379
5447	-0.188295
5448	-0.224513
5449	-0.231923
5450	-0.193397
5451	-0.147953
5452	-0.122106
5453	-0.108453
5454	-0.0963743
5455	-0.0786357
5456	-0.0371646
5457	0.102256
5458	0.711332
5459	1.9361
5460	1.45427
5461	1.01792
5462	0.933513
5463	1.26813
5464	2.48286
5465	4.15772
5466	3.22303
5467	1.83128
5468	1.07124
5469	0.690373
5470	0.365407
5471	0.0666568
5472	-0.0674856
5473	-0.124245
5474	-0.157658
5475	-0.178604
5476	-0.190617
5477	-0.173021
5478	0.0169248
5479	0.16826
5480	0.148046
5481	0.109667
5482	0.0805755
5483	0.0655497
5484	0.0637124
5485	0.0676258
5486	0.0556048
5487	-0.0347327
5488	-0.15627
5489	-0.165044
5490	-0.140364
5491	-0.113464
5492	-0.0870616
5493	-0.066735
5494	-0.0623406
5495	-0.0699
5496	-0.0476485
5497	0.0204494
5498	0.0737523
5499	0.086665
5500	0.0708108
5501	0.0481637
5502	0.055445
5503	0.131609
5504	0.312583
5505	0.615917
5506	1.13291
5507	2.02021
5508	3.22055
5509	4.45467
5510	5.32492
5511	5.34798
5512	4.69991
5513	4.07722
5514	3.64736
5515	3.24456
5516	2.70802
5517	1.97355
5518	1.18884
5519	0.607753
5520	0.331714
5521	0.390492
5522	0.865371
5523	1.77305
5524	2.79321
5525	3.36858
5526	3.43806
5527	3.36238
5528	3.32442
5529	3.24281
5530	2.94857
5531	2.29746
5532	1.15416
5533	-0.19261
5534	-1.2766
5535	-1.98049
5536	-2.34095
5537	-2.31605
5538	-1.77783
5539	-0.683386
5540	0.692617
5541	1.89939
5542	2.82666
5543	3.66018
5544	4.4734
5545	5.14209
5546	5.49438
5547	5.28443
5548	4.33503
5549	3.07458
5550	2.10307
5551	1.60963
5552	1.53077
5553	1.77255
5554	2.31949
5555	3.21114
5556	4.38287
5557	5.60463
5558	6.66261
5559	7.4722
5560	7.93271
5561	8.00644
5562	7.91827
5563	7.90637
5564	7.86102
5565	7.44933
5566	6.62794
5567	5.63502
5568	4.66833
5569	3.80324
5570	3.01172
5571	2.20489
5572	1.36299
5573	0.654543
5574	0.331273
5575	0.476222
5576	0.969991
5577	1.64919
5578	2.50149
5579	3.61
5580	4.78603
5581	5.52968
5582	5.58353
5583	5.20867
5584	4.89061
5585	4.93635
5586	5.31103
5587	5.77821
5588	6.12921
5589	6.3605
5590	6.64493
5591	7.09602
5592	7.55353
5593	7.7195
5594	7.50553
5595	7.036
5596	6.34224
5597	5.37026
5598	4.21287
5599	3.14331
5600	2.48295
5601	2.44887
5602	3.02023
5603	3.97519
5604	5.03373
5605	5.93944
5606	6.5289
5607	6.72864
5608	6.45369
5609	5.69786
5610	4.69776
5611	3.77434
5612	2.97314
5613	2.168
5614	1.48706
5615	1.21938
5616	1.44754
5617	2.04595
5618	2.86099
5619	3.80776
5620	4.80132
5621	5.66189
5622	6.25478
5623	6.58248
5624	6.62107
5625	6.28407
5626	5.6038
5627	4.7618
5628	3.922
5629	3.16466
5630	2.61359
5631	2.38138
5632	2.47843
5633	2.88511
5634	3.62469
5635	4.72984
5636	6.0589
5637	7.25854
5638	8.04915
5639	8.4325
5640	8.53696
5641	8.40883
5642	8.07795
5643	7.66548
5644	7.11254
5645	6.11147
5646	4.84267
5647	3.86626
5648	3.33533
5649	3.11257
5650	3.06641
5651	3.11991
5652	3.21548
5653	3.30291
5654	3.37359
5655	3.48017
5656	3.67044
5657	3.92303
5658	4.16221
5659	4.31035
5660	4.31844
5661	4.19027
5662	4.004
5663	3.86285
5664	3.80364
5665	3.79927
5666	3.82724
5667	3.8902
5668	3.97781
5669	4.08773
5670	4.2828
5671	4.64015
5672	5.12976
5673	5.61767
5674	6.01222
5675	6.32699
5676	6.54959
5677	6.58457
5678	6.40881
5679	6.17449
5680	6.03394
5681	5.93477
5682	5.69053
5683	5.22495
5684	4.66983
5685	4.17096
5686	3.78098
5687	3.54352
5688	3.51368
5689	3.67982
5690	3.95601
5691	4.27524
5692	4.62052
5693	5.00844
5694	5.44317
5695	5.87793
5696	6.18437
5697	6.20498
5698	5.8934
5699	5.37559
5700	4.73692
5701	3.92835
5702	2.97408
5703	2.07357
5704	1.47363
5705	1.30298
5706	1.53899
5707	2.06603
5708	2.7647
5709	3.51867
5710	4.22426
5711	4.80176
5712	5.21122
5713	5.4653
5714	5.58466
5715	5.52091
5716	5.15137
5717	4.4586
5718	3.65514
5719	3.02052
5720	2.6994
5721	2.69378
5722	2.91626
5723	3.23811
5724	3.55268
5725	3.89037
5726	4.46063
5727	5.41217
5728	6.52634
5729	7.42376
5730	8.03966
5731	8.60096
5732	9.27695
5733	10.0056
5734	10.5979
5735	10.8951
5736	10.7908
5737	10.1822
5738	9.04717
5739	7.53076
5740	5.8266
5741	4.08092
5742	2.47793
5743	1.24809
5744	0.504808
5745	0.203417
5746	0.228298
5747	0.441199
5748	0.659723
5749	0.707591
5750	0.57375
5751	0.433807
5752	0.453235
5753	0.649056
5754	0.957523
5755	1.3233
5756	1.69137
5757	1.93216
5758	1.91681
5759	1.67858
5760	1.42018
5761	1.31198
5762	1.38335
5763	1.53493
5764	1.60496
5765	1.4795
5766	1.19044
5767	0.865245
5768	0.576523
5769	0.312805
5770	0.0687587
5771	-0.0980474
5772	-0.149735
5773	-0.141124
5774	-0.169403
5775	-0.22828
5776	-0.21819
5777	-0.0802133
5778	0.153224
5779	0.404094
5780	0.595201
5781	0.682225
5782	0.684879
5783	0.670461
5784	0.680465
5785	0.682188
5786	0.608778
5787	0.431353
5788	0.190001
5789	-0.030305
5790	-0.142281
5791	-0.0999454
5792	0.0743307
5793	0.29033
5794	0.426211
5795	0.396319
5796	0.206629
5797	-0.0392738
5798	-0.214761
5799	-0.263379
5800	-0.227036
5801	-0.194116
5802	-0.233983
5803	-0.339182
5804	-0.43283
5805	-0.435958
5806	-0.328221
5807	-0.139607
5808	0.100652
5809	0.378376
5810	0.661972
5811	0.881734
5812	0.971211
5813	0.92251
5814	0.796716
5815	0.666865
5816	0.565972
5817	0.485479
5818	0.41236
5819	0.344992
5820	0.280145
5821	0.205264
5822	0.117454
5823	0.037296
5824	-0.00578788
5825	-0.0052425
5826	-0.010076
5827	-0.108102
5828	-0.352507
5829	-0.715094
5830	-1.11811
5831	-1.48205
5832	-1.75454
5833	-1.90381
5834	-1.92212
5835	-1.83014
5836	-1.66176
5837	-1.43498
5838	-1.1385
5839	-0.755171
5840	-0.306489
5841	0.117044
5842	0.404174
5843	0.51979
5844	0.50674
5845	0.41686
5846	0.276579
5847	0.0969567
5848	-0.107723
5849	-0.318044
5850	-0.514623
5851	-0.677205
5852	-0.772923
5853	-0.739467
5854	-0.501861
5855	-0.0391991
5856	0.554474
5857	1.09347
5858	1.43646
5859	1.57626
5860	1.58035
5861	1.47779
5862	1.25222
5863	0.902305
5864	0.460988
5865	-0.0167558
5866	-0.448115
5867	-0.734847
5868	-0.797823
5869	-0.606661
5870	-0.204261
5871	0.312863
5872	0.867929
5873	1.46332
5874	2.17449
5875	3.05294
5876	4.01017
5877	4.83001
5878	5.33849
5879	5.54418
5880	5.60513
5881	5.69143
5882	5.93409
5883	6.41309
5884	7.10101
5885	7.86331
5886	8.56287
5887	9.08444
5888	9.28595
5889	9.05069
5890	8.4075
5891	7.46146
5892	6.28305
5893	5.01965
5894	3.95187
5895	3.27377
5896	2.89436
5897	2.59705
5898	2.27481
5899	1.95412
5900	1.6844
5901	1.50633
5902	1.44819
5903	1.51359
5904	1.64132
5905	1.70998
5906	1.62533
5907	1.40341
5908	1.1547
5909	1.00232
5910	1.00864
5911	1.10792
5912	1.14821
5913	1.03284
5914	0.794383
5915	0.528714
5916	0.307974
5917	0.15971
5918	0.126523
5919	0.266877
5920	0.582967
5921	0.99039
5922	1.37449
5923	1.67151
5924	1.87897
5925	2.02047
5926	2.104
5927	2.09062
5928	1.90391
5929	1.50564
5930	0.96827
5931	0.422276
5932	-0.0529218
5933	-0.432235
5934	-0.688443
5935	-0.788091
5936	-0.735873
5937	-0.597279
5938	-0.457004
5939	-0.366273
5940	-0.335274
5941	-0.35242
5942	-0.38744
5943	-0.409091
5944	-0.41543
5945	-0.433664
5946	-0.486699
5947	-0.565871
5948	-0.644439
5949	-0.699382
5950	-0.714286
5951	-0.670245
5952	-0.552009
5953	-0.367148
5954	-0.15911
5955	0.0149281
5956	0.127795
5957	0.2101
5958	0.316396
5959	0.460585
5960	0.597888
5961	0.663359
5962	0.632152
5963	0.530744
5964	0.392998
5965	0.230783
5966	0.0523389
5967	-0.126501
5968	-0.300608
5969	-0.482165
5970	-0.663345
5971	-0.798522
5972	-0.840909
5973	-0.783322
5974	-0.666666
5975	-0.546936
5976	-0.449304
5977	-0.351296
5978	-0.214632
5979	-0.0234324
5980	0.207984
5981	0.460349
5982	0.722744
5983	0.968784
5984	1.1249
5985	1.11189
5986	0.927512
5987	0.648026
5988	0.345208
5989	0.0380646
5990	-0.267147
5991	-0.54381
5992	-0.763842
5993	-0.91976
5994	-0.995611
5995	-0.949424
5996	-0.751323
5997	-0.435603
5998	-0.0886458
5999	0.221165
6000	0.492914
6001	0.742798
6002	0.939514
6003	1.03292
6004	1.03651
6005	1.04789
6006	1.14366
6007	1.28377
6008	1.36022
6009	1.31473
6010	1.20202
6011	1.14083
6012	1.17334
6013	1.20014
6014	1.11779
6015	1.00373
6016	1.0364
6017	1.23946
6018	1.46061
6019	1.57375
6020	1.58784
6021	1.57287
6022	1.55196
6023	1.49386
6024	1.37571
6025	1.23402
6026	1.14913
6027	1.16634
6028	1.2448
6029	1.28707
6030	1.23188
6031	1.10001
6032	0.933801
6033	0.743095
6034	0.530269
6035	0.32192
6036	0.147733
6037	0.0308736
6038	0.008731
6039	0.141954
6040	0.473407
6041	0.988375
6042	1.62552
6043	2.3161
6044	2.96436
6045	3.43338
6046	3.62319
6047	3.54576
6048	3.2816
6049	2.92227
6050	2.56698
6051	2.29109
6052	2.10027
6053	1.93858
6054	1.75198
6055	1.55358
6056	1.39926
6057	1.31257
6058	1.25839
6059	1.15576
6060	0.919682
6061	0.550892
6062	0.189185
6063	-0.00315639
6064	0.0315304
6065	0.246843
6066	0.565683
6067	0.924032
6068	1.26886
6069	1.55387
6070	1.76378
6071	1.93088
6072	2.09357
6073	2.23846
6074	2.29042
6075	2.17053
6076	1.85537
6077	1.42278
6078	1.02871
6079	0.81021
6080	0.821053
6081	1.05328
6082	1.46549
6083	2.00697
6084	2.62815
6085	3.28021
6086	3.92231
6087	4.49483
6088	4.86822
6089	4.8519
6090	4.35615
6091	3.5151
6092	2.56214
6093	1.66033
6094	0.904165
6095	0.351446
6096	0.01319
6097	-0.143884
6098	-0.154264
6099	-0.0281989
6100	0.230189
6101	0.567917
6102	0.866733
6103	1.02384
6104	1.04079
6105	1.00481
6106	1.00545
6107	1.08401
6108	1.21861
6109	1.34276
6110	1.41292
6111	1.4609
6112	1.5528
6113	1.73756
6114	2.04325
6115	2.47915
6116	2.99234
6117	3.41226
6118	3.54453
6119	3.36097
6120	2.99651
6121	2.60864
6122	2.28156
6123	2.00209
6124	1.69177
6125	1.31306
6126	0.953012
6127	0.767089
6128	0.846727
6129	1.151
6130	1.54214
6131	1.90183
6132	2.17517
6133	2.33619
6134	2.38473
6135	2.35914
6136	2.29908
6137	2.1753
6138	1.91432
6139	1.48382
6140	0.958401
6141	0.486154
6142	0.192848
6143	0.104119
6144	0.154471
6145	0.25968
6146	0.377341
6147	0.510686
6148	0.674118
6149	0.879984
6150	1.15312
6151	1.52745
6152	1.98552
6153	2.41242
6154	2.65669
6155	2.65553
6156	2.44965
6157	2.09701
6158	1.65
6159	1.19119
6160	0.81785
6161	0.58507
6162	0.483128
6163	0.465705
6164	0.489799
6165	0.537134
6166	0.611442
6167	0.71439
6168	0.816778
6169	0.872104
6170	0.863188
6171	0.801508
6172	0.679781
6173	0.491396
6174	0.310348
6175	0.288681
6176	0.523333
6177	0.950795
6178	1.4031
6179	1.77139
6180	2.08235
6181	2.42805
6182	2.86888
6183	3.3803
6184	3.85576
6185	4.15416
6186	4.18037
6187	3.9336
6188	3.48166
6189	2.91076
6190	2.32814
6191	1.86335
6192	1.57172
6193	1.37413
6194	1.16145
6195	0.932872
6196	0.771724
6197	0.736655
6198	0.811705
6199	0.928631
6200	1.01705
6201	1.03775
6202	0.995921
6203	0.942554
6204	0.943775
6205	1.03473
6206	1.19206
6207	1.3257
6208	1.31796
6209	1.12671
6210	0.841394
6211	0.597292
6212	0.463757
6213	0.424397
6214	0.419759
6215	0.413773
6216	0.421768
6217	0.485217
6218	0.645979
6219	0.931624
6220	1.34105
6221	1.82749
6222	2.29269
6223	2.60389
6224	2.66758
6225	2.50894
6226	2.24756
6227	1.98793
6228	1.75709
6229	1.53176
6230	1.31051
6231	1.12844
6232	1.00692
6233	0.938938
6234	0.928623
6235	1.00692
6236	1.20639
6237	1.52554
6238	1.91044
6239	2.27537
6240	2.54845
6241	2.70558
6242	2.77539
6243	2.79103
6244	2.74619
6245	2.59798
6246	2.31003
6247	1.90069
6248	1.43911
6249	1.00841
6250	0.672505
6251	0.464795
6252	0.38937
6253	0.433026
6254	0.571574
6255	0.76794
6256	0.964097
6257	1.1062
6258	1.19441
6259	1.27684
6260	1.37518
6261	1.44488
6262	1.40879
6263	1.23363
6264	0.973518
6265	0.731174
6266	0.568279
6267	0.46861
6268	0.403616
6269	0.394177
6270	0.486316
6271	0.666688
6272	0.840597
6273	0.930604
6274	0.986126
6275	1.13859
6276	1.45469
6277	1.85319
6278	2.18305
6279	2.34594
6280	2.30277
6281	2.01796
6282	1.50741
6283	0.905138
6284	0.401994
6285	0.120116
6286	0.0483051
6287	0.0613957
6288	0.0313552
6289	-0.0555209
6290	-0.0892012
6291	0.0615997
6292	0.443026
6293	1.00489
6294	1.65597
6295	2.2696
6296	2.63583
6297	2.57591
6298	2.15161
6299	1.63721
6300	1.28414
6301	1.16666
6302	1.19016
6303	1.21155
6304	1.16182
6305	1.09751
6306	1.13998
6307	1.3419
6308	1.64652
6309	1.94607
6310	2.13698
6311	2.14519
6312	1.92231
6313	1.44696
6314	0.787121
6315	0.109894
6316	-0.445817
6317	-0.851268
6318	-1.1226
6319	-1.21016
6320	-0.978362
6321	-0.324856
6322	0.665692
6323	1.73178
6324	2.60698
6325	3.13748
6326	3.29706
6327	3.13924
6328	2.74827
6329	2.23572
6330	1.72753
6331	1.28902
6332	0.898437
6333	0.523791
6334	0.201301
6335	0.0122639
6336	0.0132107
6337	0.192703
6338	0.475157
6339	0.770542
6340	1.01579
6341	1.17842
6342	1.24819
6343	1.23658
6344	1.16236
6345	1.04317
6346	0.894828
6347	0.736137
6348	0.590024
6349	0.490435
6350	0.472998
6351	0.534414
6352	0.61031
6353	0.61453
6354	0.507417
6355	0.326859
6356	0.145436
6357	0.0191043
6358	-0.0173113
6359	0.0364825
6360	0.126895
6361	0.164361
6362	0.0918184
6363	-0.0498675
6364	-0.156028
6365	-0.142651
6366	0.00825946
6367	0.255118
6368	0.517073
6369	0.707598
6370	0.787649
6371	0.784294
6372	0.747291
6373	0.716251
6374	0.727076
6375	0.797772
6376	0.879657
6377	0.869532
6378	0.709748
6379	0.452688
6380	0.191968
6381	-0.0261837
6382	-0.206368
6383	-0.367994
6384	-0.514967
6385	-0.627175
6386	-0.678931
6387	-0.671461
6388	-0.633617
6389	-0.57604
6390	-0.449537
6391	-0.176392
6392	0.264889
6393	0.797472
6394	1.28891
6395	1.62195
6396	1.72636
6397	1.59215
6398	1.29067
6399	0.958163
6400	0.717482
6401	0.609875
6402	0.586929
6403	0.557946
6404	0.456756
6405	0.294433
6406	0.159713
6407	0.138988
6408	0.238397
6409	0.389537
6410	0.514065
6411	0.572613
6412	0.561378
6413	0.47918
6414	0.332124
6415	0.153645
6416	-0.0126251
6417	-0.136763
6418	-0.20284
6419	-0.208013
6420	-0.167014
6421	-0.107022
6422	-0.0573122
6423	-0.0482676
6424	-0.110578
6425	-0.24605
6426	-0.402332
6427	-0.509602
6428	-0.544548
6429	-0.54028
6430	-0.537861
6431	-0.540227
6432	-0.523079
6433	-0.466098
6434	-0.358308
6435	-0.195259
6436	0.0117428
6437	0.222306
6438	0.378675
6439	0.442688
6440	0.410545
6441	0.302162
6442	0.164715
6443	0.061103
6444	0.0304411
6445	0.0622346
6446	0.116716
6447	0.163948
6448	0.189089
6449	0.172795
6450	0.0964701
6451	-0.038401
6452	-0.201144
6453	-0.347138
6454	-0.439009
6455	-0.463084
6456	-0.434668
6457	-0.38217
6458	-0.315695
6459	-0.211573
6460	-0.0513646
6461	0.135922
6462	0.298922
6463	0.419648
6464	0.503668
6465	0.526756
6466	0.436794
6467	0.226268
6468	-0.0361438
6469	-0.250012
6470	-0.350148
6471	-0.338697
6472	-0.271267
6473	-0.218032
6474	-0.216748
6475	-0.258439
6476	-0.324079
6477	-0.407741
6478	-0.491555
6479	-0.539009
6480	-0.541759
6481	-0.538399
6482	-0.554033
6483	-0.558311
6484	-0.51165
6485	-0.424923
6486	-0.351468
6487	-0.327019
6488	-0.336938
6489	-0.339319
6490	-0.306567
6491	-0.234478
6492	-0.130278
6493	-0.00967603
6494	0.0948977
6495	0.142873
6496	0.122057
6497	0.0709289
6498	0.0492963
6499	0.0774933
6500	0.11583
6501	0.105911
6502	0.0294829
6503	-0.0809399
6504	-0.180457
6505	-0.247494
6506	-0.273469
6507	-0.245064
6508	-0.16206
6509	-0.0632562
6510	0.00742389
6511	0.0618556
6512	0.150828
6513	0.280428
6514	0.370145
6515	0.323503
6516	0.132189
6517	-0.120938
6518	-0.340708
6519	-0.483746
6520	-0.558664
6521	-0.582399
6522	-0.553788
6523	-0.472709
6524	-0.371511
6525	-0.295429
6526	-0.243925
6527	-0.166594
6528	-0.0381694
6529	0.0826665
6530	0.101098
6531	-0.0109979
6532	-0.192388
6533	-0.360151
6534	-0.472524
6535	-0.527852
6536	-0.524302
6537	-0.45517
6538	-0.344809
6539	-0.262514
6540	-0.270744
6541	-0.361928
6542	-0.466345
6543	-0.519969
6544	-0.513975
6545	-0.478908
6546	-0.442713
6547	-0.402726
6548	-0.335725
6549	-0.226324
6550	-0.0822968
6551	0.0842073
6552	0.272606
6553	0.471675
6554	0.62762
6555	0.664748
6556	0.547093
6557	0.319464
6558	0.0763433
6559	-0.108724
6560	-0.210764
6561	-0.241342
6562	-0.226578
6563	-0.189634
6564	-0.149258
6565	-0.127376
6566	-0.145899
6567	-0.213329
6568	-0.316471
6569	-0.426665
6570	-0.511612
6571	-0.55246
6572	-0.552478
6573	-0.532191
6574	-0.509984
6575	-0.483041
6576	-0.429066
6577	-0.320003
6578	-0.132304
6579	0.138217
6580	0.449493
6581	0.705639
6582	0.801893
6583	0.704048
6584	0.479991
6585	0.241591
6586	0.0575409
6587	-0.0744947
6588	-0.198344
6589	-0.35424
6590	-0.545111
6591	-0.736812
6592	-0.881495
6593	-0.94373
6594	-0.914652
6595	-0.813766
6596	-0.682999
6597	-0.562631
6598	-0.460847
6599	-0.363649
6600	-0.273785
6601	-0.21738
6602	-0.208528
6603	-0.227378
6604	-0.241449
6605	-0.227712
6606	-0.17837
6607	-0.100137
6608	-0.0133352
6609	0.0541902
6610	0.0882221
6611	0.103278
6612	0.124722
6613	0.156718
6614	0.172083
6615	0.137557
6616	0.0496524
6617	-0.0595648
6618	-0.146684
6619	-0.183454
6620	-0.166855
6621	-0.113707
6622	-0.0576319
6623	-0.0377488
6624	-0.0617093
6625	-0.0869946
6626	-0.0595746
6627	0.0354765
6628	0.157615
6629	0.239014
6630	0.247931
6631	0.214468
6632	0.186321
6633	0.176939
6634	0.162744
6635	0.11961
6636	0.0422623
6637	-0.0705729
6638	-0.225411
6639	-0.416187
6640	-0.6059
6641	-0.744868
6642	-0.810957
6643	-0.819305
6644	-0.793469
6645	-0.7396
6646	-0.646133
6647	-0.501589
6648	-0.31408
6649	-0.11625
6650	0.0556544
6651	0.190397
6652	0.303182
6653	0.408524
6654	0.49971
6655	0.553373
6656	0.548111
6657	0.484161
6658	0.391118
6659	0.30963
6660	0.264768
6661	0.256826
6662	0.265001
6663	0.261726
6664	0.228968
6665	0.170061
6666	0.105319
6667	0.0525327
6668	0.0171082
6669	-0.00242777
6670	-0.00688441
6671	0.00554738
6672	0.034672
6673	0.072352
6674	0.101144
6675	0.105567
6676	0.0866802
6677	0.0560219
6678	0.0212095
6679	-0.0177839
6680	-0.064173
6681	-0.118368
6682	-0.174812
6683	-0.225039
6684	-0.263352
6685	-0.285157
6686	-0.281759
6687	-0.244835
6688	-0.175321
6689	-0.0879693
6690	-0.0074246
6691	0.0442289
6692	0.0597841
6693	0.043724
6694	0.00716433
6695	-0.0394132
6696	-0.09393
6697	-0.159882
6698	-0.233069
6699	-0.297465
6700	-0.333017
6701	-0.32704
6702	-0.284996
6703	-0.214725
6704	-0.10904
6705	0.0422699
6706	0.217573
6707	0.367075
6708	0.449872
6709	0.464804
6710	0.442568
6711	0.41564
6712	0.397198
6713	0.383284
6714	0.35917
6715	0.30221
6716	0.194359
6717	0.0444335
6718	-0.105686
6719	-0.211865
6720	-0.258303
6721	-0.265276
6722	-0.273633
6723	-0.315675
6724	-0.395847
6725	-0.488557
6726	-0.549931
6727	-0.544029
6728	-0.461171
6729	-0.314087
6730	-0.130888
6731	0.0469701
6732	0.18083
6733	0.256794
6734	0.293646
6735	0.329401
6736	0.391552
6737	0.471391
6738	0.527513
6739	0.519666
6740	0.450318
6741	0.36339
6742	0.28773
6743	0.210363
6744	0.109556
6745	-0.00354944
6746	-0.0879843
6747	-0.118998
6748	-0.117884
6749	-0.132786
6750	-0.188998
6751	-0.268916
6752	-0.345481
6753	-0.40988
6754	-0.457852
6755	-0.473151
6756	-0.442635
6757	-0.372801
6758	-0.281035
6759	-0.180219
6760	-0.0748084
6761	0.0309514
6762	0.126835
6763	0.201735
6764	0.251584
6765	0.280711
6766	0.290975
6767	0.273828
6768	0.224891
6769	0.159324
6770	0.108019
6771	0.0962397
6772	0.123674
6773	0.173048
6774	0.229107
6775	0.280794
6776	0.310077
6777	0.290587
6778	0.208232
6779	0.081281
6780	-0.0531052
6781	-0.169777
6782	-0.262996
6783	-0.334736
6784	-0.384219
6785	-0.403257
6786	-0.377642
6787	-0.295893
6788	-0.164722
6789	-0.0173343
6790	0.106086
6791	0.187244
6792	0.22715
6793	0.22409
6794	0.172181
6795	0.0784047
6796	-0.0309858
6797	-0.126227
6798	-0.191623
6799	-0.231029
6800	-0.257502
6801	-0.272289
6802	-0.255256
6803	-0.182095
6804	-0.0574613
6805	0.067708
6806	0.144754
6807	0.171642
6808	0.164071
6809	0.129917
6810	0.0759045
6811	0.0180922
6812	-0.0213678
6813	-0.0297387
6814	-0.018881
6815	-0.0177572
6816	-0.0494386
6817	-0.112652
6818	-0.175483
6819	-0.193272
6820	-0.143202
6821	-0.0457223
6822	0.0537011
6823	0.120547
6824	0.144511
6825	0.12743
6826	0.0811542
6827	0.0387819
6828	0.0387558
6829	0.0815482
6830	0.12334
6831	0.112701
6832	0.026295
6833	-0.109836
6834	-0.241119
6835	-0.337921
6836	-0.404876
6837	-0.455888
6838	-0.495878
6839	-0.52522
6840	-0.555893
6841	-0.593026
6842	-0.598248
6843	-0.503565
6844	-0.284075
6845	0.00309437
6846	0.272579
6847	0.478789
6848	0.611613
6849	0.658246
6850	0.617657
6851	0.522768
6852	0.40768
6853	0.277196
6854	0.108843
6855	-0.125611
6856	-0.440372
6857	-0.81347
6858	-1.15298
6859	-1.35129
6860	-1.3729
6861	-1.24181
6862	-1.02295
6863	-0.790816
6864	-0.592485
6865	-0.444723
6866	-0.334874
6867	-0.23101
6868	-0.113091
6869	0.000998868
6870	0.0759972
6871	0.104677
6872	0.110086
6873	0.111637
6874	0.106276
6875	0.0787513
6876	0.0260921
6877	-0.0265284
6878	-0.0315976
6879	0.0583648
6880	0.263427
6881	0.558024
6882	0.859478
6883	1.04818
6884	1.01959
6885	0.711437
6886	0.204493
6887	-0.246367
6888	-0.496468
6889	-0.604064
6890	-0.69632
6891	-0.820888
6892	-0.912455
6893	-0.912014
6894	-0.786538
6895	-0.544639
6896	-0.291124
6897	-0.190982
6898	-0.314184
6899	-0.545065
6900	-0.751967
6901	-0.875284
6902	-0.897609
6903	-0.858365
6904	-0.80377
6905	-0.755758
6906	-0.720126
6907	-0.666037
6908	-0.516018
6909	-0.19985
6910	0.235308
6911	0.598417
6912	0.748216
6913	0.722417
6914	0.633333
6915	0.551838
6916	0.467722
6917	0.311203
6918	0.0548852
6919	-0.272906
6920	-0.650544
6921	-1.02334
6922	-1.25322
6923	-1.22589
6924	-0.964324
6925	-0.631105
6926	-0.375478
6927	-0.221291
6928	-0.123417
6929	-0.0192819
6930	0.134223
6931	0.316081
6932	0.418209
6933	0.305048
6934	-0.0321269
6935	-0.397145
6936	-0.610554
6937	-0.66951
6938	-0.63769
6939	-0.550352
6940	-0.424139
6941	-0.272507
6942	-0.10576
6943	0.0643784
6944	0.213465
6945	0.304711
6946	0.319621
6947	0.233266
6948	0.0359952
6949	-0.21105
6950	-0.444413
6951	-0.647463
6952	-0.826488
6953	-0.970159
6954	-1.00922
6955	-0.836077
6956	-0.360074
6957	0.380192
6958	1.12164
6959	1.68859
6960	2.07881
6961	2.27791
6962	2.26167
6963	2.04555
6964	1.72565
6965	1.36363
6966	0.927007
6967	0.38421
6968	-0.212185
6969	-0.741196
6970	-1.10396
6971	-1.27318
6972	-1.27173
6973	-1.15136
6974	-0.968817
6975	-0.757952
6976	-0.532598
6977	-0.30063
6978	-0.0587599
6979	0.210131
6980	0.524873
6981	0.860298
6982	1.08927
6983	1.06991
6984	0.816321
6985	0.470946
6986	0.153406
6987	-0.0815565
6988	-0.202558
6989	-0.199512
6990	-0.127569
6991	-0.107171
6992	-0.198465
6993	-0.340533
6994	-0.415767
6995	-0.384959
6996	-0.304405
6997	-0.248133
6998	-0.2583
6999	-0.314781
7000	-0.350982
7001	-0.319489
7002	-0.215532
7003	-0.0583425
7004	0.111177
7005	0.21693
7006	0.180295
7007	0.00952842
7008	-0.212903
7009	-0.386193
7010	-0.437844
7011	-0.401128
7012	-0.436039
7013	-0.682428
7014	-1.12272
7015	-1.47832
7016	-1.5265
7017	-1.43084
7018	-1.38626
7019	-1.43761
7020	-1.53516
7021	-1.55858
7022	-1.37726
7023	-1.00024
7024	-0.534656
7025	-0.0933912
7026	0.248015
7027	0.490942
7028	0.663844
7029	0.741495
7030	0.639388
7031	0.340369
7032	-0.0385807
7033	-0.413913
7034	-0.755925
7035	-1.03256
7036	-1.23159
7037	-1.34362
7038	-1.37528
7039	-1.35953
7040	-1.30365
7041	-1.18307
7042	-0.974251
7043	-0.663187
7044	-0.299211
7045	-0.00137773
7046	0.173391
7047	0.261562
7048	0.322676
7049	0.388246
7050	0.457624
7051	0.512905
7052	0.52986
7053	0.500733
7054	0.448295
7055	0.389546
7056	0.309274
7057	0.186153
7058	0.0304042
7059	-0.123108
7060	-0.258102
7061	-0.396836
7062	-0.565041
7063	-0.751607
7064	-0.910037
7065	-0.981174
7066	-0.931981
7067	-0.785773
7068	-0.605851
7069	-0.449013
7070	-0.356823
7071	-0.346145
7072	-0.388121
7073	-0.427098
7074	-0.420293
7075	-0.367077
7076	-0.320273
7077	-0.336941
7078	-0.404678
7079	-0.452751
7080	-0.441494
7081	-0.388183
7082	-0.320936
7083	-0.24843
7084	-0.167365
7085	-0.0834316
7086	-0.00742348
7087	0.0663364
7088	0.147574
7089	0.213821
7090	0.216447
7091	0.132832
7092	0.00185772
7093	-0.108794
7094	-0.162932
7095	-0.174422
7096	-0.180002
7097	-0.201412
7098	-0.236756
7099	-0.275429
7100	-0.303867
7101	-0.2982
7102	-0.228333
7103	-0.0953441
7104	0.0386276
7105	0.102327
7106	0.0852978
7107	0.0321511
7108	-0.00791379
7109	-0.0173678
7110	-0.00839688
7111	0.0049655
7112	0.0216112
7113	0.0390072
7114	0.0448169
7115	0.0317417
7116	0.00937974
7117	-0.00571655
7118	-0.00334655
7119	0.0189263
7120	0.0606306
7121	0.116459
7122	0.171166
7123	0.209125
7124	0.220677
7125	0.201689
7126	0.165923
7127	0.139177
7128	0.133507
7129	0.143068
7130	0.152438
7131	0.144857
7132	0.112262
7133	0.056673
7134	-0.0112749
7135	-0.063736
7136	-0.0772618
7137	-0.0596452
7138	-0.0302893
7139	-0.00286458
7140	0.017845
7141	0.0357052
7142	0.0582106
7143	0.0901201
7144	0.12942
7145	0.171233
7146	0.213563
7147	0.248816
7148	0.261281
7149	0.250809
7150	0.235085
7151	0.227049
7152	0.227732
7153	0.233342
7154	0.246682
7155	0.276823
7156	0.322128
7157	0.349032
7158	0.312474
7159	0.224774
7160	0.138777
7161	0.0871105
7162	0.0734762
7163	0.089853
7164	0.128028
7165	0.176963
7166	0.222782
7167	0.260051
7168	0.288754
7169	0.302085
7170	0.301367
7171	0.300114
7172	0.305592
7173	0.31444
7174	0.319326
7175	0.319545
7176	0.320946
7177	0.324913
7178	0.325281
7179	0.316797
7180	0.299832
7181	0.27899
7182	0.263853
7183	0.266581
7184	0.294563
7185	0.33962
7186	0.37692
7187	0.385266
7188	0.364624
7189	0.33266
7190	0.310627
7191	0.308311
7192	0.321892
7193	0.34145
7194	0.35458
7195	0.346586
7196	0.305611
7197	0.239831
7198	0.183051
7199	0.16507
7200	0.188452
7201	0.237498
7202	0.301905
7203	0.383278
7204	0.481405
7205	0.589222
7206	0.702114
7207	0.807408
7208	0.877608
7209	0.904628
7210	0.912467
7211	0.906933
7212	0.853802
7213	0.764134
7214	0.702261
7215	0.682997
7216	0.669877
7217	0.625134
7218	0.562959
7219	0.540173
7220	0.587475
7221	0.68349
7222	0.755154
7223	0.708964
7224	0.547187
7225	0.382896
7226	0.290544
7227	0.282245
7228	0.356945
7229	0.511282
7230	0.724922
7231	0.907741
7232	0.924532
7233	0.818743
7234	0.730694
7235	0.721647
7236	0.737744
7237	0.65093
7238	0.513758
7239	0.415441
7240	0.359283
7241	0.330212
7242	0.314586
7243	0.308616
7244	0.319625
7245	0.346239
7246	0.367051
7247	0.361224
7248	0.343872
7249	0.338963
7250	0.347769
7251	0.35695
7252	0.36446
7253	0.385551
7254	0.439528
7255	0.543629
7256	0.698597
7257	0.879972
7258	1.08844
7259	1.38537
7260	1.79962
7261	2.19729
7262	2.40897
7263	2.4369
7264	2.36388
7265	2.25624
7266	2.13825
7267	2.04725
7268	2.05961
7269	2.23089
7270	2.51069
7271	2.76515
7272	2.93791
7273	3.09211
7274	3.29943
7275	3.38652
7276	3.07807
7277	2.51729
7278	1.92485
7279	1.33266
7280	0.837255
7281	0.543094
7282	0.420946
7283	0.411745
7284	0.478685
7285	0.577637
7286	0.668515
7287	0.805782
7288	1.09772
7289	1.52546
7290	1.75747
7291	1.65126
7292	1.5029
7293	1.45828
7294	1.49398
7295	1.55758
7296	1.63729
7297	1.75752
7298	1.88717
7299	1.84565
7300	1.36044
7301	0.510745
7302	-0.170565
7303	-0.498561
7304	-0.581056
7305	-0.51661
7306	-0.418741
7307	-0.358966
7308	-0.324763
7309	-0.228246
7310	0.292741
7311	1.1292
7312	1.06327
7313	0.817325
7314	0.61199
7315	0.469234
7316	0.403522
7317	0.398811
7318	0.434292
7319	0.46931
7320	0.426341
7321	0.347861
7322	0.279387
7323	0.19623
7324	0.160932
7325	0.191332
7326	0.298015
7327	0.565318
7328	1.2022
7329	1.93023
7330	1.49659
7331	0.771818
7332	0.370115
7333	0.158218
7334	0.022429
7335	-0.0671185
7336	-0.0993452
7337	-0.064236
7338	0.0500257
7339	0.138362
7340	0.139814
7341	0.154894
7342	0.205819
7343	0.280341
7344	0.344126
7345	0.382136
7346	0.419132
7347	0.467755
7348	0.462145
7349	0.305693
7350	0.167112
7351	0.12361
7352	0.109129
7353	0.0904449
7354	0.0630566
7355	0.0326244
7356	0.0139023
7357	0.0396089
7358	0.131611
7359	0.234856
7360	0.27172
7361	0.246435
7362	0.222736
7363	0.245957
7364	0.257926
7365	0.188577
7366	-0.0169023
7367	-0.320095
7368	-0.455165
7369	-0.345046
7370	-0.0502702
7371	0.370163
7372	0.562611
7373	0.402587
7374	0.289064
7375	0.313617
7376	0.442974
7377	0.716178
7378	1.09788
7379	1.23332
7380	1.04462
7381	0.868595
7382	0.817203
7383	0.857682
7384	0.918578
7385	0.941503
7386	0.924325
7387	0.875994
7388	0.743707
7389	0.457582
7390	0.0827037
7391	-0.275587
7392	-0.582157
7393	-0.766152
7394	-0.771979
7395	-0.633754
7396	-0.37694
7397	0.061329
7398	0.691939
7399	1.30509
7400	1.7479
7401	2.09518
7402	2.38651
7403	2.51619
7404	2.42527
7405	2.21296
7406	1.9962
7407	1.83643
7408	1.77304
7409	1.81767
7410	1.89508
7411	1.8344
7412	1.50909
7413	1.07572
7414	0.736001
7415	0.534411
7416	0.504208
7417	0.662349
7418	0.932448
7419	1.22559
7420	1.614
7421	2.30407
7422	3.3119
7423	4.35066
7424	5.16051
7425	5.72271
7426	6.10983
7427	6.29028
7428	6.23952
7429	6.16453
7430	6.29769
7431	6.63193
7432	7.0183
7433	7.35032
7434	7.52264
7435	7.35579
7436	6.80895
7437	6.13239
7438	5.60792
7439	5.28651
7440	5.05496
7441	4.78332
7442	4.31427
7443	3.43025
7444	2.09999
7445	0.814163
7446	0.138038
7447	0.140958
7448	0.583765
7449	1.1493
7450	1.57183
7451	1.75694
7452	1.81043
7453	1.94306
7454	2.33917
7455	3.03801
7456	3.85552
7457	4.43771
7458	4.48386
7459	3.9267
7460	3.0022
7461	2.18866
7462	1.8014
7463	1.74843
7464	1.74711
7465	1.58764
7466	1.24951
7467	0.834145
7468	0.45786
7469	0.275459
7470	0.47076
7471	1.12484
7472	2.09418
7473	3.11333
7474	4.01268
7475	4.71336
7476	5.15181
7477	5.35357
7478	5.41853
7479	5.38952
7480	5.23298
7481	4.91841
7482	4.42139
7483	3.67779
7484	2.69615
7485	1.77306
7486	1.31932
7487	1.47396
7488	2.06401
7489	2.83051
7490	3.50719
7491	3.84865
7492	3.77005
7493	3.35361
7494	2.89579
7495	2.35523
7496	1.82404
7497	1.35923
7498	0.980644
7499	0.684915
7500	0.459065
