0.000000 0.000000
5.828571 0.000000
11.657143 0.000000
17.485714 0.500000
23.314286 0.500000
29.142857 0.500000
34.971429 1.000000
40.800000 1.000000
46.628571 1.000000
52.457143 2.000000
58.285714 2.000000
64.114286 2.000000
69.942857 3.000000
75.771429 3.000000
81.600000 3.000000
87.428571 5.000000
93.257143 5.000000
99.085714 5.000000
104.914286 7.000000
110.742857 7.000000
116.571429 7.000000
122.400000 10.000000
128.228571 10.000000
134.057143 10.000000
139.885714 12.000000
145.714286 12.000000
151.542857 12.000000
157.371429 15.000000
163.200000 15.000000
169.028571 15.000000
174.857143 17.000000
180.685714 17.000000
186.514286 17.000000
192.342857 20.000000
198.171429 20.000000
204.000000 20.000000
