# k	cb	gl	xy
1.000000000000000000e+00	2.126189759929475176e-01	2.450255787336770741e+00	1.085790595857707874e+00
2.000000000000000000e+00	2.115297508430722118e-01	2.197499327820921611e+00	1.023236829078986387e+00
3.000000000000000000e+00	2.083344325911543893e-01	2.455299810264181648e+00	1.111501058529526853e+00
4.000000000000000000e+00	1.264936307215350497e-01	1.304120450598902359e+00	7.886221550119898449e-01
5.000000000000000000e+00	2.126189759929475176e-01	2.450255787336771185e+00	1.085790595857707874e+00
6.000000000000000000e+00	2.115297508430722118e-01	2.197499327820921611e+00	1.023236829078986387e+00
7.000000000000000000e+00	2.083344325911543893e-01	2.455299810264181648e+00	1.111501058529526853e+00
8.000000000000000000e+00	2.845557000444617346e-01	2.803518065191813680e+00	1.210536114553312226e+00
9.000000000000000000e+00	3.541332939525118073e-01	3.232611694192957241e+00	1.364865048702309736e+00
1.000000000000000000e+01	1.450991788882850519e-01	1.475980919785494061e+00	7.452502690811282360e-01
1.100000000000000000e+01	2.838055367603423695e-01	2.800424605843339521e+00	1.209472334380042202e+00
1.200000000000000000e+01	3.393260207617483926e-01	3.194568764742764966e+00	1.365040423593548491e+00
1.300000000000000000e+01	1.451067936695286942e-01	1.475982543470904851e+00	7.452556010582189749e-01
1.400000000000000000e+01	2.487938123005540569e-01	2.670774283525852777e+00	1.165812120591124490e+00
1.500000000000000000e+01	2.399663234376371856e-01	2.508965299219084066e+00	1.039416671570774220e+00
1.600000000000000000e+01	1.535864467186335014e-01	1.737439048803984143e+00	8.726479484981619628e-01
1.700000000000000000e+01	2.224248568120391345e-01	2.482027028728954754e+00	1.096689260657483844e+00
1.800000000000000000e+01	2.335175612104133935e-01	2.502819081440208038e+00	1.118173625905178215e+00
1.900000000000000000e+01	2.741784701735150431e-01	2.783375821183923460e+00	1.199371659698517334e+00
2.000000000000000000e+01	2.126634891268277816e-01	2.450212493191171959e+00	1.085786017507455181e+00
2.100000000000000000e+01	2.115381229393279994e-01	2.198382237010625850e+00	1.023345010897917184e+00
2.200000000000000000e+01	2.083292964733073072e-01	2.455134567357383002e+00	1.111274416283414723e+00
2.300000000000000000e+01	1.264562122514037712e-01	1.304148926068576797e+00	7.882895997525591891e-01
2.400000000000000000e+01	2.126634891268277816e-01	2.450212493191171959e+00	1.085786017507455181e+00
2.500000000000000000e+01	2.115381229393279994e-01	2.198382237010625850e+00	1.023345010897917184e+00
2.600000000000000000e+01	2.083292964733073627e-01	2.455134567357383446e+00	1.111274416283414723e+00
2.700000000000000000e+01	2.845527576292350980e-01	2.803193032293092468e+00	1.210628297825616206e+00
2.800000000000000000e+01	3.541547367880922281e-01	3.229134783582773061e+00	1.364749462412086833e+00
2.900000000000000000e+01	1.451633430623560372e-01	1.476264945671644790e+00	7.453183842121230418e-01
3.000000000000000000e+01	2.838026205799993873e-01	2.800022995049559427e+00	1.209548224386062909e+00
3.100000000000000000e+01	3.392957760285065238e-01	3.194332540292638800e+00	1.364950629520010894e+00
3.200000000000000000e+01	1.451680416996308509e-01	1.476308055984264067e+00	7.453364290454579377e-01
3.300000000000000000e+01	2.487982488340881593e-01	2.670481042840858521e+00	1.165743392864003525e+00
3.400000000000000000e+01	2.399917786114619811e-01	2.509705581602787561e+00	1.039314667642357470e+00
3.500000000000000000e+01	1.536270096428709320e-01	1.737235706603033725e+00	8.725364243509362572e-01
3.600000000000000000e+01	2.224239352613759657e-01	2.481982701349909615e+00	1.096647666035066582e+00
3.700000000000000000e+01	2.335311370143400289e-01	2.503056372347880032e+00	1.118253112838332841e+00
3.800000000000000000e+01	2.742008046867117632e-01	2.783290754935855649e+00	1.199187068023702452e+00
3.900000000000000000e+01	2.128417163390834976e-01	2.449995254267691269e+00	1.086120721839239467e+00
4.000000000000000000e+01	2.116234343953335706e-01	2.199660503765542785e+00	1.024321959366152779e+00
4.100000000000000000e+01	2.085225626876595628e-01	2.454070109282025847e+00	1.109517826511084104e+00
4.200000000000000000e+01	1.261149182003863667e-01	1.304192184895223372e+00	7.851795769883558318e-01
4.300000000000000000e+01	2.128417163390834976e-01	2.449995254267691269e+00	1.086120721839239467e+00
4.400000000000000000e+01	2.116234343953335706e-01	2.199660503765542785e+00	1.024321959366152779e+00
4.500000000000000000e+01	2.085225626876596183e-01	2.454070109282025403e+00	1.109517826511083882e+00
4.600000000000000000e+01	2.845092158808428251e-01	2.798999836643162986e+00	1.211582544892895630e+00
4.700000000000000000e+01	3.540377278233114433e-01	3.230766350108182472e+00	1.363859046632180716e+00
4.800000000000000000e+01	1.457983553825178136e-01	1.479787320970419762e+00	7.462261910098419992e-01
4.900000000000000000e+01	2.837597491004552608e-01	2.795922938762979815e+00	1.210207935386496070e+00
5.000000000000000000e+01	3.389910701792299141e-01	3.191309719285642998e+00	1.364064321285759940e+00
5.100000000000000000e+01	1.457985934423750574e-01	1.479864860452722253e+00	7.462560799027433411e-01
5.200000000000000000e+01	2.488293705877656636e-01	2.667299268328285233e+00	1.165087993654480236e+00
5.300000000000000000e+01	2.402457776114344523e-01	2.516726581996885148e+00	1.038153237396338469e+00
5.400000000000000000e+01	1.539020962939186554e-01	1.736226017746019146e+00	8.709656221626671524e-01
5.500000000000000000e+01	2.224378955795983104e-01	2.481694073337469941e+00	1.096116593165644248e+00
5.600000000000000000e+01	2.337565738348340860e-01	2.504245778735598282e+00	1.118838420236213160e+00
5.700000000000000000e+01	2.741756369816372163e-01	2.783857623140042481e+00	1.198217040200366235e+00
5.800000000000000000e+01	2.134557898449197799e-01	2.440701553117011535e+00	1.084905978150426664e+00
5.900000000000000000e+01	2.114397225415032833e-01	2.205826101231083136e+00	1.017159593554878061e+00
6.000000000000000000e+01	2.087986583233981397e-01	2.445156698923885763e+00	1.107840038071496780e+00
6.100000000000000000e+01	1.245139152604603366e-01	1.306287106294920619e+00	7.723376335067057008e-01
6.200000000000000000e+01	2.134557898449197799e-01	2.440701553117011535e+00	1.084905978150426664e+00
6.300000000000000000e+01	2.114397225415032833e-01	2.205826101231082692e+00	1.017159593554878061e+00
6.400000000000000000e+01	2.087986583233981397e-01	2.445156698923885319e+00	1.107840038071496780e+00
6.500000000000000000e+01	2.851942593035939333e-01	2.777105370046200061e+00	1.214721664462200090e+00
6.600000000000000000e+01	3.538093500304515526e-01	3.226109263862129151e+00	1.352813908478152083e+00
6.700000000000000000e+01	1.478989591838641982e-01	1.500171242701261676e+00	7.518917696668985240e-01
6.800000000000000000e+01	2.844452518793348372e-01	2.774981749198364600e+00	1.213124109675105311e+00
6.900000000000000000e+01	3.379387640385531077e-01	3.193428078495953226e+00	1.333900896212987464e+00
7.000000000000000000e+01	1.479028097924657281e-01	1.500288703345266761e+00	7.519173499495429569e-01
7.100000000000000000e+01	2.500503669968048293e-01	2.650327556499283865e+00	1.161069934703695683e+00
7.200000000000000000e+01	2.396308799571298942e-01	2.523116000997392305e+00	1.028418666688685867e+00
7.300000000000000000e+01	1.548037879784284199e-01	1.736054551089661002e+00	8.656831005662736223e-01
7.400000000000000000e+01	2.226252525803846527e-01	2.474549015568564769e+00	1.097637458391854448e+00
7.500000000000000000e+01	2.334160708272724760e-01	2.495568114683829997e+00	1.116326623674377183e+00
7.600000000000000000e+01	2.742379303395132140e-01	2.775851664478292236e+00	1.197842786114764024e+00
7.700000000000000000e+01	2.156433414743974541e-01	2.439406955258669463e+00	1.084892377679860243e+00
7.800000000000000000e+01	2.107939268258524623e-01	2.208217945810992511e+00	1.014590020478658428e+00
7.900000000000000000e+01	2.084685239423701431e-01	2.428038502784038322e+00	1.097730891963492716e+00
8.000000000000000000e+01	1.238418745383856739e-01	1.304126408421994565e+00	7.597489753989338235e-01
8.100000000000000000e+01	2.156433414743974541e-01	2.439406955258669463e+00	1.084892377679860243e+00
8.200000000000000000e+01	2.107939268258524623e-01	2.208217945810992511e+00	1.014590020478658650e+00
8.300000000000000000e+01	2.084685239423701431e-01	2.428038502784037878e+00	1.097730891963492716e+00
8.400000000000000000e+01	2.857029944219824369e-01	2.749093982760801858e+00	1.209983686740210063e+00
8.500000000000000000e+01	3.534389820027070694e-01	3.180065258417619667e+00	1.357834107203081953e+00
8.600000000000000000e+01	1.505070810993111574e-01	1.530431041417221305e+00	7.618680610205549320e-01
8.700000000000000000e+01	2.849661366352631564e-01	2.747282101512415586e+00	1.209021896035820554e+00
8.800000000000000000e+01	3.369382942530701475e-01	3.062185452696402077e+00	1.325973379100896077e+00
8.900000000000000000e+01	1.504950844876173088e-01	1.530463206103951590e+00	7.618777924595366846e-01
9.000000000000000000e+01	2.513983034435778863e-01	2.629382133012116984e+00	1.153724154366591259e+00
9.100000000000000000e+01	2.389744602899082360e-01	2.493597321414147583e+00	1.005349425451812273e+00
9.200000000000000000e+01	1.558496482091518975e-01	1.744195908985060495e+00	8.610930342419098604e-01
9.300000000000000000e+01	2.235403682702644945e-01	2.470824323651139576e+00	1.088304889088588912e+00
9.400000000000000000e+01	2.329848306354408982e-01	2.493497196899677970e+00	1.103605404076699825e+00
9.500000000000000000e+01	2.751083095100166909e-01	2.750642327164135370e+00	1.200055788349712715e+00
9.600000000000000000e+01	1.453857037074857139e-01	1.624742696146930454e+00	7.945887602628692870e-01
9.700000000000000000e+01	2.537199069950998309e-01	1.975336667931972823e+00	7.632442474336387228e-01
9.800000000000000000e+01	1.757559156128279954e-01	1.920502540040990747e+00	9.621188718666460193e-01
9.900000000000000000e+01	1.264936307215350497e-01	1.304120450598902359e+00	7.886221550119898449e-01
1.000000000000000000e+02	1.453857037074857417e-01	1.624742696146930232e+00	7.945887602628690649e-01
1.010000000000000000e+02	2.537199069950997754e-01	1.975336667931972601e+00	7.632442474336386118e-01
1.020000000000000000e+02	1.757559156128279954e-01	1.920502540040990969e+00	9.621188718666460193e-01
1.030000000000000000e+02	2.815020548579824644e-01	2.689364643426610524e+00	1.164122142399652615e+00
1.040000000000000000e+02	2.181451898760220054e+00	2.136986109506960219e+01	9.192407127754622209e+00
1.050000000000000000e+02	1.450991788882850519e-01	1.475980919785494061e+00	7.452502690811282360e-01
1.060000000000000000e+02	2.747823906095954172e-01	2.685241166903138410e+00	1.160468010415076412e+00
1.070000000000000000e+02	2.078816068761276448e+00	1.937998176612962453e+01	8.299293825637681365e+00
1.080000000000000000e+02	1.451067936695286942e-01	1.475982543470904851e+00	7.452556010582189749e-01
1.090000000000000000e+02	1.825891937316884706e-01	2.207928006191155479e+00	1.014045680000813077e+00
1.100000000000000000e+02	1.076933250497717598e+00	1.017878287949470995e+01	4.329570802443160282e+00
1.110000000000000000e+02	1.451045464076022584e-01	1.475930320184213773e+00	7.452559741628341783e-01
1.120000000000000000e+02	1.449413642866994312e-01	1.676943528080742762e+00	8.122551113486542462e-01
1.130000000000000000e+02	1.750537298839802136e-01	1.787103708777702415e+00	8.777625741490323596e-01
1.140000000000000000e+02	2.231037290915296734e-01	2.611940826426969675e+00	1.154746649971100103e+00
1.150000000000000000e+02	1.453856737773274455e-01	1.624533627606075115e+00	7.944331229364348657e-01
1.160000000000000000e+02	2.537413818228129725e-01	1.975252940126780210e+00	7.594446853903984440e-01
1.170000000000000000e+02	1.757621461440311839e-01	1.920412552692064123e+00	9.618563540303918247e-01
1.180000000000000000e+02	1.264562122514037712e-01	1.304148926068576797e+00	7.882895997525591891e-01
1.190000000000000000e+02	1.453856737773274732e-01	1.624533627606074893e+00	7.944331229364348657e-01
1.200000000000000000e+02	2.537413818228129170e-01	1.975252940126779766e+00	7.594446853903983330e-01
1.210000000000000000e+02	1.757621461440312116e-01	1.920412552692063901e+00	9.618563540303914916e-01
1.220000000000000000e+02	2.814975864507973657e-01	2.689330468456052614e+00	1.164088716065902807e+00
1.230000000000000000e+02	2.181474217452957109e+00	2.136953684101128914e+01	9.192312676579435404e+00
1.240000000000000000e+02	1.451633430623560372e-01	1.476264945671644790e+00	7.453183842121230418e-01
1.250000000000000000e+02	2.747831056709101327e-01	2.685217752714611716e+00	1.160438727852955321e+00
1.260000000000000000e+02	2.078803877598458971e+00	1.938013678187047617e+01	8.299269604519025734e+00
1.270000000000000000e+02	1.451680416996308509e-01	1.476308055984264067e+00	7.453364290454579377e-01
1.280000000000000000e+02	1.826166068214977178e-01	2.207964890028822680e+00	1.014003245092403027e+00
1.290000000000000000e+02	1.076938866002449258e+00	1.017878180996178727e+01	4.329590574347442100e+00
1.300000000000000000e+02	1.451664130107370720e-01	1.476290299223969038e+00	7.453717369059060793e-01
1.310000000000000000e+02	1.449345748110593690e-01	1.677061162630129720e+00	8.122138871858602949e-01
1.320000000000000000e+02	1.750458678249327826e-01	1.787653275186336765e+00	8.777777746670398784e-01
1.330000000000000000e+02	2.231054556440890124e-01	2.611286910227198277e+00	1.154783748293181533e+00
1.340000000000000000e+02	1.454587843597182628e-01	1.623616532643565646e+00	7.928915486884684505e-01
1.350000000000000000e+02	2.534006961216049292e-01	2.038433367143787756e+00	7.728927245299497262e-01
1.360000000000000000e+02	1.756602537437323697e-01	1.920382843687449936e+00	9.592875170976158383e-01
1.370000000000000000e+02	1.261149182003863667e-01	1.304192184895223372e+00	7.851795769883558318e-01
1.380000000000000000e+02	1.454587843597182351e-01	1.623616532643565646e+00	7.928915486884685615e-01
1.390000000000000000e+02	2.534006961216048737e-01	2.038433367143787311e+00	7.728927245299496152e-01
1.400000000000000000e+02	1.756602537437323697e-01	1.920382843687449714e+00	9.592875170976159493e-01
1.410000000000000000e+02	2.814502527451859804e-01	2.689005309665874588e+00	1.163760398539303687e+00
1.420000000000000000e+02	2.181812208528417951e+00	2.136561461438968124e+01	9.191372887100735412e+00
1.430000000000000000e+02	1.457983553825178136e-01	1.479787320970419762e+00	7.462261910098419992e-01
1.440000000000000000e+02	2.747919561346819917e-01	2.684984725549776297e+00	1.160157795151866456e+00
1.450000000000000000e+02	2.078683345030013729e+00	1.938155152507628642e+01	8.299033047295212739e+00
1.460000000000000000e+02	1.457985934423750574e-01	1.479864860452722253e+00	7.462560799027433411e-01
1.470000000000000000e+02	1.829085553338683223e-01	2.208694860556980277e+00	1.013549030736746293e+00
1.480000000000000000e+02	1.071823724557628310e+00	1.017879655036521314e+01	4.329797104209211156e+00
1.490000000000000000e+02	1.458049737225477760e-01	1.479839333502040111e+00	7.462456406213299198e-01
1.500000000000000000e+02	1.447951668726942531e-01	1.677947388872895740e+00	8.118341477965336228e-01
1.510000000000000000e+02	1.750655115685371965e-01	1.793858844239656358e+00	8.783686773308891915e-01
1.520000000000000000e+02	2.230372157392704335e-01	2.605642652318240327e+00	1.153386969251331218e+00
1.530000000000000000e+02	1.451658023560275235e-01	1.620226470449647627e+00	7.874676519094802041e-01
1.540000000000000000e+02	2.520250719747391122e-01	2.039026320362607336e+00	7.679971479180704996e-01
1.550000000000000000e+02	1.754546592308072195e-01	1.922647840313427725e+00	9.509894908417307891e-01
1.560000000000000000e+02	1.245139152604603366e-01	1.306287106294920619e+00	7.723376335067057008e-01
1.570000000000000000e+02	1.451658023560275512e-01	1.620226470449647627e+00	7.874676519094802041e-01
1.580000000000000000e+02	2.520250719747391122e-01	2.039026320362607336e+00	7.679971479180706107e-01
1.590000000000000000e+02	1.754546592308072472e-01	1.922647840313427725e+00	9.509894908417306780e-01
1.600000000000000000e+02	2.812631862009892791e-01	2.687726251727692084e+00	1.162432201521552244e+00
1.610000000000000000e+02	2.188384925277052862e+00	2.092798251711448998e+01	9.186471238901701142e+00
1.620000000000000000e+02	1.478989591838641982e-01	1.500171242701261676e+00	7.518917696668985240e-01
1.630000000000000000e+02	2.748356075477661475e-01	2.684192285071610673e+00	1.159035261627805680e+00
1.640000000000000000e+02	2.076911792299903414e+00	1.939484827969319625e+01	8.318896400882389131e+00
1.650000000000000000e+02	1.479028097924657281e-01	1.500288703345266761e+00	7.519173499495429569e-01
1.660000000000000000e+02	1.842146375536205249e-01	2.213433311316958196e+00	1.011843070608087203e+00
1.670000000000000000e+02	1.070202414826483484e+00	1.017747523003441756e+01	4.329862490022930110e+00
1.680000000000000000e+02	1.478961401230814154e-01	1.500205379039407649e+00	7.519031065995023244e-01
1.690000000000000000e+02	1.451465009495704339e-01	1.691390954648417377e+00	8.087098010377720136e-01
1.700000000000000000e+02	1.752826812578429649e-01	1.809520628647792506e+00	8.788851738854576157e-01
1.710000000000000000e+02	2.227172983338623069e-01	2.580831275312154727e+00	1.147319533732834795e+00
1.720000000000000000e+02	1.452839425993377453e-01	1.620115475911204639e+00	7.800007635720381804e-01
1.730000000000000000e+02	2.488781267826847554e-01	1.991779669888641857e+00	7.649347876684813308e-01
1.740000000000000000e+02	1.756529600691724702e-01	1.928149997025014661e+00	9.453253648881246862e-01
1.750000000000000000e+02	1.238418745383856739e-01	1.304126408421994565e+00	7.597489753989338235e-01
1.760000000000000000e+02	1.452839425993377731e-01	1.620115475911204639e+00	7.800007635720381804e-01
1.770000000000000000e+02	2.488781267826846721e-01	1.991779669888642301e+00	7.649347876684813308e-01
1.780000000000000000e+02	1.756529600691724424e-01	1.928149997025014439e+00	9.453253648881247972e-01
1.790000000000000000e+02	2.810480980748232271e-01	2.686464146057099267e+00	1.160995405973391348e+00
1.800000000000000000e+02	2.186611832642129549e+00	2.089838486078952329e+01	9.176246085626456050e+00
1.810000000000000000e+02	1.505070810993111574e-01	1.530431041417221305e+00	7.618680610205549320e-01
1.820000000000000000e+02	2.749250478125480068e-01	2.683489008912714802e+00	1.157849734168495681e+00
1.830000000000000000e+02	2.131166800233109004e+00	1.958923158870488734e+01	8.326964878496619704e+00
1.840000000000000000e+02	1.504950844876173088e-01	1.530463206103951590e+00	7.618777924595366846e-01
1.850000000000000000e+02	1.857179729544893854e-01	2.221241416991655893e+00	1.010394805253417960e+00
1.860000000000000000e+02	1.058105373674145477e+00	1.017447276059214190e+01	4.321728738302783590e+00
1.870000000000000000e+02	1.504971654267710512e-01	1.530385390098551124e+00	7.618587312579427895e-01
1.880000000000000000e+02	1.446860737345793402e-01	1.715427841835446721e+00	8.051271899534903076e-01
1.890000000000000000e+02	1.753273313192805771e-01	1.842529908978395081e+00	8.837396026287982487e-01
1.900000000000000000e+02	2.213942917648545894e-01	2.561146612984248616e+00	1.137017806933557695e+00
1.910000000000000000e+02	1.405554105094757866e-01	1.379437722336254390e+00	7.093915005953094211e-01
1.920000000000000000e+02	1.178731427026160183e+00	1.347148269296152634e+01	5.624916589232335618e+00
1.930000000000000000e+02	1.439210330631197354e-01	1.502239678804172973e+00	7.592622791248546665e-01
1.940000000000000000e+02	1.264936307215350497e-01	1.304120450598902359e+00	7.886221550119898449e-01
1.950000000000000000e+02	1.405554105094757866e-01	1.379437722336254613e+00	7.093915005953095321e-01
1.960000000000000000e+02	1.178731427026160183e+00	1.347148269296152812e+01	5.624916589232333841e+00
1.970000000000000000e+02	1.439210330631197354e-01	1.502239678804172973e+00	7.592622791248548886e-01
1.980000000000000000e+02	2.801847718293635214e-01	2.683971028237170042e+00	1.159296249359002218e+00
1.990000000000000000e+02	2.030476413338818276e+01	1.998124227623523268e+02	8.289754712416009852e+01
2.000000000000000000e+02	1.450991788882850519e-01	1.475980919785494061e+00	7.452502690811282360e-01
2.010000000000000000e+02	2.732333859181224067e-01	2.679231392931488820e+00	1.154950954531229312e+00
2.020000000000000000e+02	1.812797383839144061e+01	1.878811710563816746e+02	7.893089169733049459e+01
2.030000000000000000e+02	1.451067936695286942e-01	1.475982543470904851e+00	7.452556010582189749e-01
2.040000000000000000e+02	1.792764673821650723e-01	2.112745124062285651e+00	9.714124016398960615e-01
2.050000000000000000e+02	9.582960727417257019e+00	7.542802935268119313e+01	4.016321093005788612e+01
2.060000000000000000e+02	1.451045464076022584e-01	1.475930320184213773e+00	7.452559741628341783e-01
2.070000000000000000e+02	1.321330243647980407e-01	1.189601400976807000e+00	6.538825555477212337e-01
2.080000000000000000e+02	1.700073018818701043e-01	1.349156504755945063e+00	6.808163498029445870e-01
2.090000000000000000e+02	1.884079597091607716e-01	2.069710215405211606e+00	1.015566462476830356e+00
2.100000000000000000e+02	1.405811662586059496e-01	1.379620590742894448e+00	7.093834197713412282e-01
2.110000000000000000e+02	1.193272344974953825e+00	1.346934491938752743e+01	5.624627323582691574e+00
2.120000000000000000e+02	1.439955245592207667e-01	1.502275449369247395e+00	7.591906617775999733e-01
2.130000000000000000e+02	1.264562122514037712e-01	1.304148926068576797e+00	7.882895997525591891e-01
2.140000000000000000e+02	1.405811662586059774e-01	1.379620590742894892e+00	7.093834197713415612e-01
2.150000000000000000e+02	1.193272344974954047e+00	1.346934491938752743e+01	5.624627323582690686e+00
2.160000000000000000e+02	1.439955245592207667e-01	1.502275449369247395e+00	7.591906617776001953e-01
2.170000000000000000e+02	2.801841476000472286e-01	2.683966087099065145e+00	1.159292011106327847e+00
2.180000000000000000e+02	2.030477448513666161e+01	1.998121086418208847e+02	8.289757981822901911e+01
2.190000000000000000e+02	1.451633430623560372e-01	1.476264945671644790e+00	7.453183842121230418e-01
2.200000000000000000e+02	2.732390110352488910e-01	2.679235265478803640e+00	1.154952855941252965e+00
2.210000000000000000e+02	1.812797838037117160e+01	1.878810241779280830e+02	7.893082763290888693e+01
2.220000000000000000e+02	1.451680416996308509e-01	1.476308055984264067e+00	7.453364290454579377e-01
2.230000000000000000e+02	1.793106917291159563e-01	2.113026352303751576e+00	9.714537489394410308e-01
2.240000000000000000e+02	9.583000486439924970e+00	7.542786146362473687e+01	4.016317670441366516e+01
2.250000000000000000e+02	1.451664130107370720e-01	1.476290299223969038e+00	7.453717369059060793e-01
2.260000000000000000e+02	1.321495685213689708e-01	1.189772848383864101e+00	6.538692136183729131e-01
2.270000000000000000e+02	1.700201227491969780e-01	1.348581201804191165e+00	6.807726726776114345e-01
2.280000000000000000e+02	1.884108555117201267e-01	2.069416647800488285e+00	1.015507543033318694e+00
2.290000000000000000e+02	1.409037935601288316e-01	1.382252802101330280e+00	7.090522957456135700e-01
2.300000000000000000e+02	1.115796282530320482e+00	1.345124862775614005e+01	5.621108972914537816e+00
2.310000000000000000e+02	1.447368009730358451e-01	1.503989200065464660e+00	7.584424379522217707e-01
2.320000000000000000e+02	1.261149182003863667e-01	1.304192184895223372e+00	7.851795769883558318e-01
2.330000000000000000e+02	1.409037935601288316e-01	1.382252802101329836e+00	7.090522957456137920e-01
2.340000000000000000e+02	1.115796282530320482e+00	1.345124862775613650e+01	5.621108972914536928e+00
2.350000000000000000e+02	1.447368009730358174e-01	1.503989200065464882e+00	7.584424379522219928e-01
2.360000000000000000e+02	2.801801223368509675e-01	2.683902099398800534e+00	1.159251074977063256e+00
2.370000000000000000e+02	2.030487600752469035e+01	1.998102170611461474e+02	8.289679518093302590e+01
2.380000000000000000e+02	1.457983553825178136e-01	1.479787320970419762e+00	7.462261910098419992e-01
2.390000000000000000e+02	2.732951629391890402e-01	2.679292783765391039e+00	1.154965636264004392e+00
2.400000000000000000e+02	1.812802394697771291e+01	1.878795567927917887e+02	7.893022668399358110e+01
2.410000000000000000e+02	1.457985934423750574e-01	1.479864860452722253e+00	7.462560799027433411e-01
2.420000000000000000e+02	1.796493933833972489e-01	2.115837872677191367e+00	9.719291321820500151e-01
2.430000000000000000e+02	9.583438156858701262e+00	7.542489904976828541e+01	4.016266137509352774e+01
2.440000000000000000e+02	1.458049737225477760e-01	1.479839333502040111e+00	7.462456406213299198e-01
2.450000000000000000e+02	1.322202373766649675e-01	1.192565969946396631e+00	6.535956401501712421e-01
2.460000000000000000e+02	1.699876753865663392e-01	1.388221258487841725e+00	6.810883221168606561e-01
2.470000000000000000e+02	1.884791489829931999e-01	2.066130636511376295e+00	1.014289594837940456e+00
2.480000000000000000e+02	1.418705553363392990e-01	1.397133729199706131e+00	7.072758464194119910e-01
2.490000000000000000e+02	1.157295989814642434e+00	1.336838480798970075e+01	5.887313249416696870e+00
2.500000000000000000e+02	1.472598784455225740e-01	1.513144625642455665e+00	7.594737673150703250e-01
2.510000000000000000e+02	1.245139152604603366e-01	1.306287106294920619e+00	7.723376335067057008e-01
2.520000000000000000e+02	1.418705553363392990e-01	1.397133729199706131e+00	7.072758464194121020e-01
2.530000000000000000e+02	1.157295989814641990e+00	1.336838480798969542e+01	5.887313249416695982e+00
2.540000000000000000e+02	1.472598784455225740e-01	1.513144625642456331e+00	7.594737673150702140e-01
2.550000000000000000e+02	2.801694280074716326e-01	2.683692976559668431e+00	1.159100959918230256e+00
2.560000000000000000e+02	2.030532544777400616e+01	1.998017282700780868e+02	8.289365919537819138e+01
2.570000000000000000e+02	1.478989591838641982e-01	1.500171242701261676e+00	7.518917696668985240e-01
2.580000000000000000e+02	2.735321989840444057e-01	2.679587692884085381e+00	1.155056199088611901e+00
2.590000000000000000e+02	1.812822969465886302e+01	1.878730658660463746e+02	7.894780254514090245e+01
2.600000000000000000e+02	1.479028097924657281e-01	1.500288703345266761e+00	7.519173499495429569e-01
2.610000000000000000e+02	1.812671415750143900e-01	2.129775586108118457e+00	9.741811515119572773e-01
2.620000000000000000e+02	9.584521041816325138e+00	7.541116103587343389e+01	4.016002788379113042e+01
2.630000000000000000e+02	1.478961401230814154e-01	1.500205379039407649e+00	7.519031065995023244e-01
2.640000000000000000e+02	1.327994137777288031e-01	1.211820538951459136e+00	6.505425078540008066e-01
2.650000000000000000e+02	1.687003991438007500e-01	1.331171350760993466e+00	6.906933633312015708e-01
2.660000000000000000e+02	1.887453773656355971e-01	2.055409401361851796e+00	1.010868779314054944e+00
2.670000000000000000e+02	1.430283358531590499e-01	1.421632310568094137e+00	7.069920806379536016e-01
2.680000000000000000e+02	1.144643892176045563e+00	1.402027798381912227e+01	5.595092372408543291e+00
2.690000000000000000e+02	1.502136385769375082e-01	1.537805151580403651e+00	7.667002655882484419e-01
2.700000000000000000e+02	1.238418745383856739e-01	1.304126408421994565e+00	7.597489753989338235e-01
2.710000000000000000e+02	1.430283358531590499e-01	1.421632310568093915e+00	7.069920806379534906e-01
2.720000000000000000e+02	1.144643892176045119e+00	1.402027798381912227e+01	5.595092372408542403e+00
2.730000000000000000e+02	1.502136385769375360e-01	1.537805151580403651e+00	7.667002655882487749e-01
2.740000000000000000e+02	2.801711528620028924e-01	2.683661702019570328e+00	1.159039247204282308e+00
2.750000000000000000e+02	2.030590682040621431e+01	1.997911093865036207e+02	8.288963505642294649e+01
2.760000000000000000e+02	1.505070810993111574e-01	1.530431041417221305e+00	7.618680610205549320e-01
2.770000000000000000e+02	2.738475080207998791e-01	2.680059169663659979e+00	1.155316396223744491e+00
2.780000000000000000e+02	1.812849408479988966e+01	1.878520203132159452e+02	7.894592278166315680e+01
2.790000000000000000e+02	1.504950844876173088e-01	1.530463206103951590e+00	7.618777924595366846e-01
2.800000000000000000e+02	1.832119769114207430e-01	2.148403193108947118e+00	9.773784634538154048e-01
2.810000000000000000e+02	9.585104488597314898e+00	8.707830634957437610e+01	4.008923736381529324e+01
2.820000000000000000e+02	1.504971654267710512e-01	1.530385390098551124e+00	7.618587312579427895e-01
2.830000000000000000e+02	1.331106368584175914e-01	1.244942239384516647e+00	6.464403172002434195e-01
2.840000000000000000e+02	1.671009043782663295e-01	1.317329188469384516e+00	6.929829948209248469e-01
2.850000000000000000e+02	1.880121413895096127e-01	2.045276863973765735e+00	1.008896390335553672e+00
2.860000000000000000e+02	1.405554105094757866e-01	1.379437722336254390e+00	7.093915005953094211e-01
2.870000000000000000e+02	1.262526542009649333e+01	1.302731564414795002e+02	5.589987238736510733e+01
2.880000000000000000e+02	1.451028907347571839e-01	1.475953429245696613e+00	7.452550688402032053e-01
2.890000000000000000e+02	1.264936307215350497e-01	1.304120450598902359e+00	7.886221550119898449e-01
2.900000000000000000e+02	1.405554105094757866e-01	1.379437722336254613e+00	7.093915005953095321e-01
2.910000000000000000e+02	1.262526542009648978e+01	1.302731564414794434e+02	5.589987238736508601e+01
2.920000000000000000e+02	1.451028907347571562e-01	1.475953429245696613e+00	7.452550688402034273e-01
2.930000000000000000e+02	2.801847718293635214e-01	2.683971028237170042e+00	1.159296249359002218e+00
2.940000000000000000e+02	2.035346358354592269e+02	1.951699284800926762e+03	8.131999644768428652e+02
2.950000000000000000e+02	1.450991788882850519e-01	1.475980919785494061e+00	7.452502690811282360e-01
2.960000000000000000e+02	2.732333859181224067e-01	2.679231392931488820e+00	1.154950954531229312e+00
2.970000000000000000e+02	1.802974318896000057e+02	1.878156209729939064e+03	7.878158330905283719e+02
2.980000000000000000e+02	1.451067936695286942e-01	1.475982543470904851e+00	7.452556010582189749e-01
2.990000000000000000e+02	1.792764673821650723e-01	2.112745124062285651e+00	9.714124016398960615e-01
3.000000000000000000e+02	9.512811849402430653e+01	8.702127096601243466e+02	3.929408902225436577e+02
3.010000000000000000e+02	1.451045464076022584e-01	1.475930320184213773e+00	7.452559741628341783e-01
3.020000000000000000e+02	1.321457572236727218e-01	1.188785308921717299e+00	6.628785857483170396e-01
3.030000000000000000e+02	8.599089423817818378e-01	7.969284473812635383e+00	3.507099889549715410e+00
3.040000000000000000e+02	1.535836140729102128e-01	1.737489898490743201e+00	8.726657929385168710e-01
3.050000000000000000e+02	1.405811662586059496e-01	1.379620590742894448e+00	7.093834197713412282e-01
3.060000000000000000e+02	1.262507830983534518e+01	1.302720191059582930e+02	5.589912350749622760e+01
3.070000000000000000e+02	1.451607892655827070e-01	1.476327418168765560e+00	7.453746011431146012e-01
3.080000000000000000e+02	1.264562122514037712e-01	1.304148926068576797e+00	7.882895997525591891e-01
3.090000000000000000e+02	1.405811662586059774e-01	1.379620590742894892e+00	7.093834197713415612e-01
3.100000000000000000e+02	1.262507830983533630e+01	1.302720191059582930e+02	5.589912350749619208e+01
3.110000000000000000e+02	1.451607892655827348e-01	1.476327418168764893e+00	7.453746011431148233e-01
3.120000000000000000e+02	2.801841476000472286e-01	2.683966087099065145e+00	1.159292011106327847e+00
3.130000000000000000e+02	2.035346698788290496e+02	1.951699297548429740e+03	8.131997963826183877e+02
3.140000000000000000e+02	1.451633430623560372e-01	1.476264945671644790e+00	7.453183842121230418e-01
3.150000000000000000e+02	2.732390110352488910e-01	2.679235265478803640e+00	1.154952855941252965e+00
3.160000000000000000e+02	1.802974325183429016e+02	1.878156551630415606e+03	7.878157890001295982e+02
3.170000000000000000e+02	1.451680416996308509e-01	1.476308055984264067e+00	7.453364290454579377e-01
3.180000000000000000e+02	1.793106917291159563e-01	2.113026352303751576e+00	9.714537489394410308e-01
3.190000000000000000e+02	9.512810196281562014e+01	8.702122880838356878e+02	3.929407944827104870e+02
3.200000000000000000e+02	1.451664130107370720e-01	1.476290299223969038e+00	7.453717369059060793e-01
3.210000000000000000e+02	1.321566230324691671e-01	1.189094032123781064e+00	6.628037649420672750e-01
3.220000000000000000e+02	8.305664573868468681e-01	7.969630330062754453e+00	3.507437960297506319e+00
3.230000000000000000e+02	1.536238212662542346e-01	1.737195382622984008e+00	8.725298589578387443e-01
3.240000000000000000e+02	1.409037935601288316e-01	1.382252802101330280e+00	7.090522957456135700e-01
3.250000000000000000e+02	1.299939593773629376e+01	1.290533979863324703e+02	5.589142282581717325e+01
3.260000000000000000e+02	1.458045671510412589e-01	1.479836051944113162e+00	7.462222461675364071e-01
3.270000000000000000e+02	1.261149182003863667e-01	1.304192184895223372e+00	7.851795769883558318e-01
3.280000000000000000e+02	1.409037935601288316e-01	1.382252802101329836e+00	7.090522957456137920e-01
3.290000000000000000e+02	1.299939593773629021e+01	1.290533979863323850e+02	5.589142282581715193e+01
3.300000000000000000e+02	1.458045671510412589e-01	1.479836051944113162e+00	7.462222461675365182e-01
3.310000000000000000e+02	2.801801223368509675e-01	2.683902099398800534e+00	1.159251074977063256e+00
3.320000000000000000e+02	2.035348922313066851e+02	1.951698797220148435e+03	8.131976683516808180e+02
3.330000000000000000e+02	1.457983553825178136e-01	1.479787320970419762e+00	7.462261910098419992e-01
3.340000000000000000e+02	2.732951629391890402e-01	2.679292783765391039e+00	1.154965636264004392e+00
3.350000000000000000e+02	1.802974388201171223e+02	1.878159970776614273e+03	7.878151727492640930e+02
3.360000000000000000e+02	1.457985934423750574e-01	1.479864860452722253e+00	7.462560799027433411e-01
3.370000000000000000e+02	1.796493933833972489e-01	2.115837872677191367e+00	9.719291321820500151e-01
3.380000000000000000e+02	9.512793310657987433e+01	8.702079713736732174e+02	3.929398372587586437e+02
3.390000000000000000e+02	1.458049737225477760e-01	1.479839333502040111e+00	7.462456406213299198e-01
3.400000000000000000e+02	1.322202373766649675e-01	1.192309154341213207e+00	6.617613587566514299e-01
3.410000000000000000e+02	8.600117083900766790e-01	8.129352411751339602e+00	3.510910716004941534e+00
3.420000000000000000e+02	1.538934493753313926e-01	1.736108835360903324e+00	8.709635740872948562e-01
3.430000000000000000e+02	1.418705553363392990e-01	1.397133729199706131e+00	7.072758464194119910e-01
3.440000000000000000e+02	1.317481499759076158e+01	1.202107821192573738e+02	5.585754510317012489e+01
3.450000000000000000e+02	1.478927803294053378e-01	1.500185433125243550e+00	7.519116446613650639e-01
3.460000000000000000e+02	1.245139152604603366e-01	1.306287106294920619e+00	7.723376335067057008e-01
3.470000000000000000e+02	1.418705553363392990e-01	1.397133729199706131e+00	7.072758464194121020e-01
3.480000000000000000e+02	1.317481499759076335e+01	1.202107821192573169e+02	5.585754510317010357e+01
3.490000000000000000e+02	1.478927803294053378e-01	1.500185433125243106e+00	7.519116446613650639e-01
3.500000000000000000e+02	2.801694280074716326e-01	2.683692976559668431e+00	1.159100959918230256e+00
3.510000000000000000e+02	2.030977219825630300e+02	1.951696020613886958e+03	8.131884402619673438e+02
3.520000000000000000e+02	1.478989591838641982e-01	1.500171242701261676e+00	7.518917696668985240e-01
3.530000000000000000e+02	2.735321989840444057e-01	2.679587692884085381e+00	1.155056199088611901e+00
3.540000000000000000e+02	1.802974671435607377e+02	1.878175170093093357e+03	7.878123679325581179e+02
3.550000000000000000e+02	1.479028097924657281e-01	1.500288703345266761e+00	7.519173499495429569e-01
3.560000000000000000e+02	1.812671415750143900e-01	2.129775586108118457e+00	9.741811515119572773e-01
3.570000000000000000e+02	9.512719202940914442e+01	8.701893165973432360e+02	3.929354592195599025e+02
3.580000000000000000e+02	1.478961401230814154e-01	1.500205379039407649e+00	7.519031065995023244e-01
3.590000000000000000e+02	1.327994137777288031e-01	1.211820538951459136e+00	6.556470398884320927e-01
3.600000000000000000e+02	8.832286536561825274e-01	8.130368121478586119e+00	3.525688126181179438e+00
3.610000000000000000e+02	1.548005322379138460e-01	1.735947844991859945e+00	8.656827826515499646e-01
3.620000000000000000e+02	1.430283358531590499e-01	1.421632310568094137e+00	7.069920806379536016e-01
3.630000000000000000e+02	1.323386378684158160e+01	1.303811832522753207e+02	5.671928907431929190e+01
3.640000000000000000e+02	1.505028794734598330e-01	1.530347549864351286e+00	7.618682788268067441e-01
3.650000000000000000e+02	1.238418745383856739e-01	1.304126408421994565e+00	7.597489753989338235e-01
3.660000000000000000e+02	1.430283358531590499e-01	1.421632310568093915e+00	7.069920806379534906e-01
3.670000000000000000e+02	1.323386378684158515e+01	1.303811832522752070e+02	5.671928907431929190e+01
3.680000000000000000e+02	1.505028794734598607e-01	1.530347549864351953e+00	7.618682788268068551e-01
3.690000000000000000e+02	2.801711528620028924e-01	2.683661702019570328e+00	1.159039247204282308e+00
3.700000000000000000e+02	2.030988606714078628e+02	1.951692821617939217e+03	8.131768616610124809e+02
3.710000000000000000e+02	1.505070810993111574e-01	1.530431041417221305e+00	7.618680610205549320e-01
3.720000000000000000e+02	2.738475080207998791e-01	2.680059169663659979e+00	1.155316396223744491e+00
3.730000000000000000e+02	1.802975032723607569e+02	1.878194176381499119e+03	7.878088995039410065e+02
3.740000000000000000e+02	1.504950844876173088e-01	1.530463206103951590e+00	7.618777924595366846e-01
3.750000000000000000e+02	1.832119769114207430e-01	2.148403193108947118e+00	9.773784634538154048e-01
3.760000000000000000e+02	8.336774038829895517e+01	8.701661641030010514e+02	3.929300474193292985e+02
3.770000000000000000e+02	1.504971654267710512e-01	1.530385390098551124e+00	7.618587312579427895e-01
3.780000000000000000e+02	1.331106368584175914e-01	1.244942239384516647e+00	6.493860907462083443e-01
3.790000000000000000e+02	8.503853292636316397e-01	8.154792049251947006e+00	3.451260422256001270e+00
3.800000000000000000e+02	1.558427359450420269e-01	1.744212180546741875e+00	8.611077345628491697e-01
3.810000000000000000e+02	1.405554105094757866e-01	1.379437722336254390e+00	7.093915005953094211e-01
3.820000000000000000e+02	1.346260253530464297e+02	1.295258559959205741e+03	5.565651861041857273e+02
3.830000000000000000e+02	1.451028907347571839e-01	1.475953429245696613e+00	7.452550688402032053e-01
3.840000000000000000e+02	1.264936307215350497e-01	1.304120450598902359e+00	7.886221550119898449e-01
3.850000000000000000e+02	1.405554105094757866e-01	1.379437722336254613e+00	7.093915005953095321e-01
3.860000000000000000e+02	1.346260253530464297e+02	1.295258559959205741e+03	5.565651861041859547e+02
3.870000000000000000e+02	1.451028907347571562e-01	1.475953429245696613e+00	7.452550688402034273e-01
3.880000000000000000e+02	2.801847718293635214e-01	2.683971028237170042e+00	1.159296249359002218e+00
3.890000000000000000e+02	2.035559362670374185e+03	1.951983368190982583e+04	8.725755120751593495e+03
3.900000000000000000e+02	1.450991788882850519e-01	1.475980919785494061e+00	7.452502690811282360e-01
3.910000000000000000e+02	2.732333859181224067e-01	2.679231392931488820e+00	1.154950954531229312e+00
3.920000000000000000e+02	1.933689442351228990e+03	1.876819717985768148e+04	7.814999092182815730e+03
3.930000000000000000e+02	1.451067936695286942e-01	1.475982543470904851e+00	7.452556010582189749e-01
3.940000000000000000e+02	1.792764673821650723e-01	2.112745124062285651e+00	9.714124016398960615e-01
3.950000000000000000e+02	8.327773755492531791e+02	8.705453942075388113e+03	3.925773222730486850e+03
3.960000000000000000e+02	1.451045464076022584e-01	1.475930320184213773e+00	7.452559741628341783e-01
3.970000000000000000e+02	1.321457572236727218e-01	1.188785308921717299e+00	6.628785857483170396e-01
3.980000000000000000e+02	8.299180663924015988e+00	8.256459176684688828e+01	3.583010577829775656e+01
3.990000000000000000e+02	1.451007048142425315e-01	1.475999951705992963e+00	7.452389789144385768e-01
4.000000000000000000e+02	1.405811662586059496e-01	1.379620590742894448e+00	7.093834197713412282e-01
4.010000000000000000e+02	1.346258512075532110e+02	1.291986225155134207e+03	5.565643406621043141e+02
4.020000000000000000e+02	1.451607892655827070e-01	1.476327418168765560e+00	7.453746011431146012e-01
4.030000000000000000e+02	1.264562122514037712e-01	1.304148926068576797e+00	7.882895997525591891e-01
4.040000000000000000e+02	1.405811662586059774e-01	1.379620590742894892e+00	7.093834197713415612e-01
4.050000000000000000e+02	1.346258512075531826e+02	1.291986225155133980e+03	5.565643406621043141e+02
4.060000000000000000e+02	1.451607892655827348e-01	1.476327418168764893e+00	7.453746011431148233e-01
4.070000000000000000e+02	2.801841476000472286e-01	2.683966087099065145e+00	1.159292011106327847e+00
4.080000000000000000e+02	2.035559371523865821e+03	1.951983374040901981e+04	8.725754891695134575e+03
4.090000000000000000e+02	1.451633430623560372e-01	1.476264945671644790e+00	7.453183842121230418e-01
4.100000000000000000e+02	2.732390110352488910e-01	2.679235265478803640e+00	1.154952855941252965e+00
4.110000000000000000e+02	1.933689440836235462e+03	1.876819719044242083e+04	7.814999026879145276e+03
4.120000000000000000e+02	1.451680416996308509e-01	1.476308055984264067e+00	7.453364290454579377e-01
4.130000000000000000e+02	1.793106917291159563e-01	2.113026352303751576e+00	9.714537489394410308e-01
4.140000000000000000e+02	8.327773037408602477e+02	8.705453291055046066e+03	3.925773105931731607e+03
4.150000000000000000e+02	1.451664130107370720e-01	1.476290299223969038e+00	7.453717369059060793e-01
4.160000000000000000e+02	1.321566230324691671e-01	1.189094032123781064e+00	6.628037649420672750e-01
4.170000000000000000e+02	8.299220731937094087e+00	8.256544526870096945e+01	3.583044169218275243e+01
4.180000000000000000e+02	1.451601908388981121e-01	1.476337931653779689e+00	7.453551109607436942e-01
4.190000000000000000e+02	1.409037935601288316e-01	1.382252802101330280e+00	7.090522957456135700e-01
4.200000000000000000e+02	1.346244423242727350e+02	1.291979066769690917e+03	5.565570102935511159e+02
4.210000000000000000e+02	1.458045671510412589e-01	1.479836051944113162e+00	7.462222461675364071e-01
4.220000000000000000e+02	1.261149182003863667e-01	1.304192184895223372e+00	7.851795769883558318e-01
4.230000000000000000e+02	1.409037935601288316e-01	1.382252802101329836e+00	7.090522957456137920e-01
4.240000000000000000e+02	1.346244423242727066e+02	1.291979066769690917e+03	5.565570102935511159e+02
4.250000000000000000e+02	1.458045671510412589e-01	1.479836051944113162e+00	7.462222461675365182e-01
4.260000000000000000e+02	2.801801223368509675e-01	2.683902099398800534e+00	1.159251074977063256e+00
4.270000000000000000e+02	2.035559594589940843e+03	1.951983432541401271e+04	8.725752601136087833e+03
4.280000000000000000e+02	1.457983553825178136e-01	1.479787320970419762e+00	7.462261910098419992e-01
4.290000000000000000e+02	2.732951629391890402e-01	2.679292783765391039e+00	1.154965636264004392e+00
4.300000000000000000e+02	1.933689425687715357e+03	1.876819729630335496e+04	7.814998373849721247e+03
4.310000000000000000e+02	1.457985934423750574e-01	1.479864860452722253e+00	7.462560799027433411e-01
4.320000000000000000e+02	1.796493933833972489e-01	2.115837872677191367e+00	9.719291321820500151e-01
4.330000000000000000e+02	8.327766319603889542e+02	8.705447228309509228e+03	3.925771235362477910e+03
4.340000000000000000e+02	1.458049737225477760e-01	1.479839333502040111e+00	7.462456406213299198e-01
4.350000000000000000e+02	1.322202373766649675e-01	1.192309154341213207e+00	6.617613587566514299e-01
4.360000000000000000e+02	8.299559364306544396e+00	8.269171896275240385e+01	3.583260043471621259e+01
4.370000000000000000e+02	1.457996687207385178e-01	1.479835663339846397e+00	7.462158842521168234e-01
4.380000000000000000e+02	1.418705553363392990e-01	1.397133729199706131e+00	7.072758464194119910e-01
4.390000000000000000e+02	1.346180868408031017e+02	1.248138979346871793e+03	5.565236815030683601e+02
4.400000000000000000e+02	1.478927803294053378e-01	1.500185433125243550e+00	7.519116446613650639e-01
4.410000000000000000e+02	1.245139152604603366e-01	1.306287106294920619e+00	7.723376335067057008e-01
4.420000000000000000e+02	1.418705553363392990e-01	1.397133729199706131e+00	7.072758464194121020e-01
4.430000000000000000e+02	1.346180868408031017e+02	1.248138979346870883e+03	5.565236815030683601e+02
4.440000000000000000e+02	1.478927803294053378e-01	1.500185433125243106e+00	7.519116446613650639e-01
4.450000000000000000e+02	2.801694280074716326e-01	2.683692976559668431e+00	1.159100959918230256e+00
4.460000000000000000e+02	2.035560525994393629e+03	1.951983692572237851e+04	8.725742389326887860e+03
4.470000000000000000e+02	1.478989591838641982e-01	1.500171242701261676e+00	7.518917696668985240e-01
4.480000000000000000e+02	2.735321989840444057e-01	2.679587692884085381e+00	1.155056199088611901e+00
4.490000000000000000e+02	1.933689358391997757e+03	1.876819776711591476e+04	7.814995471638450908e+03
4.500000000000000000e+02	1.479028097924657281e-01	1.500288703345266761e+00	7.519173499495429569e-01
4.510000000000000000e+02	1.812671415750143900e-01	2.129775586108118457e+00	9.741811515119572773e-01
4.520000000000000000e+02	8.327736676458242755e+02	8.705419976474286159e+03	3.925763145405941486e+03
4.530000000000000000e+02	1.478961401230814154e-01	1.500205379039407649e+00	7.519031065995023244e-01
4.540000000000000000e+02	1.327994137777288031e-01	1.211820538951459136e+00	6.556470398884320927e-01
4.550000000000000000e+02	8.325499561743409771e+00	8.275058915405121240e+01	3.577391749120589992e+01
4.560000000000000000e+02	1.479041687395384885e-01	1.500197305509960222e+00	7.519258549427538796e-01
4.570000000000000000e+02	1.430283358531590499e-01	1.421632310568094137e+00	7.069920806379536016e-01
4.580000000000000000e+02	1.346102064034789692e+02	1.294343841581418019e+03	5.614262762906307671e+02
4.590000000000000000e+02	1.505028794734598330e-01	1.530347549864351286e+00	7.618682788268067441e-01
4.600000000000000000e+02	1.238418745383856739e-01	1.304126408421994565e+00	7.597489753989338235e-01
4.610000000000000000e+02	1.430283358531590499e-01	1.421632310568093915e+00	7.069920806379534906e-01
4.620000000000000000e+02	1.346102064034789407e+02	1.294343841581418019e+03	5.614262762906307671e+02
4.630000000000000000e+02	1.505028794734598607e-01	1.530347549864351953e+00	7.618682788268068551e-01
4.640000000000000000e+02	2.801711528620028924e-01	2.683661702019570328e+00	1.159039247204282308e+00
4.650000000000000000e+02	2.035561691682030869e+03	1.951984017676485382e+04	8.725729622985856622e+03
4.660000000000000000e+02	1.505070810993111574e-01	1.530431041417221305e+00	7.618680610205549320e-01
4.670000000000000000e+02	2.738475080207998791e-01	2.680059169663659979e+00	1.155316396223744491e+00
4.680000000000000000e+02	1.933689274343608986e+03	1.876819835636495191e+04	7.814991844199421394e+03
4.690000000000000000e+02	1.504950844876173088e-01	1.530463206103951590e+00	7.618777924595366846e-01
4.700000000000000000e+02	1.832119769114207430e-01	2.148403193108947118e+00	9.773784634538154048e-01
4.710000000000000000e+02	8.327437148221719099e+02	8.705385937953042230e+03	3.925753178492609095e+03
4.720000000000000000e+02	1.504971654267710512e-01	1.530385390098551124e+00	7.618587312579427895e-01
4.730000000000000000e+02	1.331106368584175914e-01	1.244942239384516647e+00	6.493860907462083443e-01
4.740000000000000000e+02	8.303547971815715911e+00	8.274252163547068051e+01	3.585632851063479620e+01
4.750000000000000000e+02	1.504995589968788350e-01	1.530435059359847028e+00	7.618767445681726702e-01
4.760000000000000000e+02	1.405554105094757866e-01	1.379437722336254390e+00	7.093915005953094211e-01
4.770000000000000000e+02	6.842917945022123831e+02	6.371033454804947723e+03	2.805858930851627065e+03
4.780000000000000000e+02	1.451028907347571839e-01	1.475953429245696613e+00	7.452550688402032053e-01
4.790000000000000000e+02	1.264936307215350497e-01	1.304120450598902359e+00	7.886221550119898449e-01
4.800000000000000000e+02	1.405554105094757866e-01	1.379437722336254613e+00	7.093915005953095321e-01
4.810000000000000000e+02	6.842917945022122694e+02	6.371033454804945904e+03	2.805858930851627065e+03
4.820000000000000000e+02	1.451028907347571562e-01	1.475953429245696613e+00	7.452550688402034273e-01
4.830000000000000000e+02	2.801847718293635214e-01	2.683971028237170042e+00	1.159296249359002218e+00
4.840000000000000000e+02	1.017789247186287321e+04	9.324410612752380257e+04	4.386242399732082413e+04
4.850000000000000000e+02	1.450991788882850519e-01	1.475980919785494061e+00	7.452502690811282360e-01
4.860000000000000000e+02	2.732333859181224067e-01	2.679231392931488820e+00	1.154950954531229312e+00
4.870000000000000000e+02	9.728481769084810367e+03	9.789266201592136349e+04	3.907455831640603719e+04
4.880000000000000000e+02	1.451067936695286942e-01	1.475982543470904851e+00	7.452556010582189749e-01
4.890000000000000000e+02	1.792764673821650723e-01	2.112745124062285651e+00	9.714124016398960615e-01
4.900000000000000000e+02	3.849957103744711731e+03	4.352876810180475150e+04	1.728181307495292276e+04
4.910000000000000000e+02	1.451045464076022584e-01	1.475930320184213773e+00	7.452559741628341783e-01
4.920000000000000000e+02	1.321457572236727218e-01	1.188785308921717299e+00	6.628785857483170396e-01
4.930000000000000000e+02	4.151799777930224877e+01	4.164582834306808650e+02	1.805167713133440657e+02
4.940000000000000000e+02	1.451007048142425315e-01	1.475999951705992963e+00	7.452389789144385768e-01
4.950000000000000000e+02	1.405811662586059496e-01	1.379620590742894448e+00	7.093834197713412282e-01
4.960000000000000000e+02	6.842916633967823827e+02	6.371032443327111650e+03	2.805858163427216368e+03
4.970000000000000000e+02	1.451607892655827070e-01	1.476327418168765560e+00	7.453746011431146012e-01
4.980000000000000000e+02	1.264562122514037712e-01	1.304148926068576797e+00	7.882895997525591891e-01
4.990000000000000000e+02	1.405811662586059774e-01	1.379620590742894892e+00	7.093834197713415612e-01
5.000000000000000000e+02	6.842916633967824964e+02	6.371032443327111650e+03	2.805858163427217278e+03
5.010000000000000000e+02	1.451607892655827348e-01	1.476327418168764893e+00	7.453746011431148233e-01
5.020000000000000000e+02	2.801841476000472286e-01	2.683966087099065145e+00	1.159292011106327847e+00
5.030000000000000000e+02	1.017789248412299639e+04	9.324410626382111514e+04	4.386242389598887530e+04
5.040000000000000000e+02	1.451633430623560372e-01	1.476264945671644790e+00	7.453183842121230418e-01
5.050000000000000000e+02	2.732390110352488910e-01	2.679235265478803640e+00	1.154952855941252965e+00
5.060000000000000000e+02	9.728481771169119384e+03	9.789266236219478014e+04	3.907455825249428744e+04
5.070000000000000000e+02	1.451680416996308509e-01	1.476308055984264067e+00	7.453364290454579377e-01
5.080000000000000000e+02	1.793106917291159563e-01	2.113026352303751576e+00	9.714537489394410308e-01
5.090000000000000000e+02	3.849957058694657462e+03	4.352876748103718273e+04	1.728181265073000395e+04
5.100000000000000000e+02	1.451664130107370720e-01	1.476290299223969038e+00	7.453717369059060793e-01
5.110000000000000000e+02	1.321566230324691671e-01	1.189094032123781064e+00	6.628037649420672750e-01
5.120000000000000000e+02	4.151803725501618203e+01	4.164582658639340025e+02	1.805170454555118909e+02
5.130000000000000000e+02	1.451601908388981121e-01	1.476337931653779689e+00	7.453551109607436942e-01
5.140000000000000000e+02	1.409037935601288316e-01	1.382252802101330280e+00	7.090522957456135700e-01
5.150000000000000000e+02	6.842905438387424510e+02	6.371023852396205257e+03	2.806104106082232647e+03
5.160000000000000000e+02	1.458045671510412589e-01	1.479836051944113162e+00	7.462222461675364071e-01
5.170000000000000000e+02	1.261149182003863667e-01	1.304192184895223372e+00	7.851795769883558318e-01
5.180000000000000000e+02	1.409037935601288316e-01	1.382252802101329836e+00	7.090522957456137920e-01
5.190000000000000000e+02	6.842905438387424510e+02	6.371023852396205257e+03	2.806104106082233102e+03
5.200000000000000000e+02	1.458045671510412589e-01	1.479836051944113162e+00	7.462222461675365182e-01
5.210000000000000000e+02	2.801801223368509675e-01	2.683902099398800534e+00	1.159251074977063256e+00
5.220000000000000000e+02	1.017789269627462272e+04	9.324410762679706386e+04	4.386242228503197111e+04
5.230000000000000000e+02	1.457983553825178136e-01	1.479787320970419762e+00	7.462261910098419992e-01
5.240000000000000000e+02	2.732951629391890402e-01	2.679292783765391039e+00	1.154965636264004392e+00
5.250000000000000000e+02	9.728481794201863522e+03	9.789266582429638947e+04	3.907455759940401913e+04
5.260000000000000000e+02	1.457985934423750574e-01	1.479864860452722253e+00	7.462560799027433411e-01
5.270000000000000000e+02	1.796493933833972489e-01	2.115837872677191367e+00	9.719291321820500151e-01
5.280000000000000000e+02	3.849956642516068314e+03	4.352876131373788667e+04	1.728180842042736913e+04
5.290000000000000000e+02	1.458049737225477760e-01	1.479839333502040111e+00	7.462456406213299198e-01
5.300000000000000000e+02	1.322202373766649675e-01	1.192309154341213207e+00	6.617613587566514299e-01
5.310000000000000000e+02	4.151841763638610416e+01	4.165853811983316746e+02	1.805197562443819379e+02
5.320000000000000000e+02	1.457996687207385178e-01	1.479835663339846397e+00	7.462158842521168234e-01
5.330000000000000000e+02	1.418705553363392990e-01	1.397133729199706131e+00	7.072758464194119910e-01
5.340000000000000000e+02	6.755247770146988842e+02	6.312150138009606053e+03	2.806073209061949001e+03
5.350000000000000000e+02	1.478927803294053378e-01	1.500185433125243550e+00	7.519116446613650639e-01
5.360000000000000000e+02	1.245139152604603366e-01	1.306287106294920619e+00	7.723376335067057008e-01
5.370000000000000000e+02	1.418705553363392990e-01	1.397133729199706131e+00	7.072758464194121020e-01
5.380000000000000000e+02	6.755247770146988842e+02	6.312150138009605143e+03	2.806073209061949001e+03
5.390000000000000000e+02	1.478927803294053378e-01	1.500185433125243106e+00	7.519116446613650639e-01
5.400000000000000000e+02	2.801694280074716326e-01	2.683692976559668431e+00	1.159100959918230256e+00
5.410000000000000000e+02	1.017789363409862563e+04	9.324411368452623719e+04	4.386241510044787719e+04
5.420000000000000000e+02	1.478989591838641982e-01	1.500171242701261676e+00	7.518917696668985240e-01
5.430000000000000000e+02	2.735321989840444057e-01	2.679587692884085381e+00	1.155056199088611901e+00
5.440000000000000000e+02	9.728481895492315743e+03	9.789268121157720452e+04	3.907455469680933311e+04
5.450000000000000000e+02	1.479028097924657281e-01	1.500288703345266761e+00	7.519173499495429569e-01
5.460000000000000000e+02	1.812671415750143900e-01	2.129775586108118457e+00	9.741811515119572773e-01
5.470000000000000000e+02	3.849954837722891625e+03	4.352873400601507456e+04	1.728178951739718104e+04
5.480000000000000000e+02	1.478961401230814154e-01	1.500205379039407649e+00	7.519031065995023244e-01
5.490000000000000000e+02	1.327994137777288031e-01	1.211820538951459136e+00	6.556470398884320927e-01
5.500000000000000000e+02	4.154435753588141722e+01	4.166472080951273824e+02	1.804606665617121166e+02
5.510000000000000000e+02	1.479041687395384885e-01	1.500197305509960222e+00	7.519258549427538796e-01
5.520000000000000000e+02	1.430283358531590499e-01	1.421632310568094137e+00	7.069920806379536016e-01
5.530000000000000000e+02	6.689794632080823931e+02	6.371940552236737858e+03	2.806034618975215835e+03
5.540000000000000000e+02	1.505028794734598330e-01	1.530347549864351286e+00	7.618682788268067441e-01
5.550000000000000000e+02	1.238418745383856739e-01	1.304126408421994565e+00	7.597489753989338235e-01
5.560000000000000000e+02	1.430283358531590499e-01	1.421632310568093915e+00	7.069920806379534906e-01
5.570000000000000000e+02	6.689794632080822794e+02	6.371940552236736039e+03	2.806034618975217199e+03
5.580000000000000000e+02	1.505028794734598607e-01	1.530347549864351953e+00	7.618682788268068551e-01
5.590000000000000000e+02	2.801711528620028924e-01	2.683661702019570328e+00	1.159039247204282308e+00
5.600000000000000000e+02	1.017789476118102175e+04	9.324412125682194892e+04	4.386240611580888071e+04
5.610000000000000000e+02	1.505070810993111574e-01	1.530431041417221305e+00	7.618680610205549320e-01
5.620000000000000000e+02	2.738475080207998791e-01	2.680059169663659979e+00	1.155316396223744491e+00
5.630000000000000000e+02	9.728482022567768581e+03	9.789270044585010328e+04	3.907455106863072433e+04
5.640000000000000000e+02	1.504950844876173088e-01	1.530463206103951590e+00	7.618777924595366846e-01
5.650000000000000000e+02	1.832119769114207430e-01	2.148403193108947118e+00	9.773784634538154048e-01
5.660000000000000000e+02	3.849952605068549474e+03	4.352869979080164921e+04	1.728176583716893583e+04
5.670000000000000000e+02	1.504971654267710512e-01	1.530385390098551124e+00	7.618587312579427895e-01
5.680000000000000000e+02	1.331106368584175914e-01	1.244942239384516647e+00	6.493860907462083443e-01
5.690000000000000000e+02	4.152244511218668066e+01	4.166428384162713314e+02	1.805461979726724167e+02
5.700000000000000000e+02	1.504995589968788350e-01	1.530435059359847028e+00	7.618767445681726702e-01
5.710000000000000000e+02	1.405554105094757866e-01	1.379437722336254390e+00	7.093915005953094211e-01
5.720000000000000000e+02	1.352449202994661391e+03	1.190937639996585494e+04	5.547558266864788493e+03
5.730000000000000000e+02	1.451028907347571839e-01	1.475953429245696613e+00	7.452550688402032053e-01
5.740000000000000000e+02	1.264936307215350497e-01	1.304120450598902359e+00	7.886221550119898449e-01
5.750000000000000000e+02	1.405554105094757866e-01	1.379437722336254613e+00	7.093915005953095321e-01
5.760000000000000000e+02	1.352449202994661619e+03	1.190937639996585312e+04	5.547558266864790312e+03
5.770000000000000000e+02	1.451028907347571562e-01	1.475953429245696613e+00	7.452550688402034273e-01
5.780000000000000000e+02	2.801847718293635214e-01	2.683971028237170042e+00	1.159296249359002218e+00
5.790000000000000000e+02	2.035580887990087285e+04	1.864885306745376438e+05	8.772465149603250029e+04
5.800000000000000000e+02	1.450991788882850519e-01	1.475980919785494061e+00	7.452502690811282360e-01
5.810000000000000000e+02	2.732333859181224067e-01	2.679231392931488820e+00	1.154950954531229312e+00
5.820000000000000000e+02	1.945714222937244267e+04	2.023089278696264373e+05	7.814900737352599390e+04
5.830000000000000000e+02	1.451067936695286942e-01	1.475982543470904851e+00	7.452556010582189749e-01
5.840000000000000000e+02	1.792764673821650723e-01	2.112745124062285651e+00	9.714124016398960615e-01
5.850000000000000000e+02	7.699812472736394739e+03	8.705791087567119393e+04	3.456318292032479803e+04
5.860000000000000000e+02	1.451045464076022584e-01	1.475930320184213773e+00	7.452559741628341783e-01
5.870000000000000000e+02	1.321457572236727218e-01	1.188785308921717299e+00	6.628785857483170396e-01
5.880000000000000000e+02	8.304296182682934102e+01	8.338362671659899661e+02	3.613830306888669952e+02
5.890000000000000000e+02	1.451007048142425315e-01	1.475999951705992963e+00	7.452389789144385768e-01
5.900000000000000000e+02	1.405811662586059496e-01	1.379620590742894448e+00	7.093834197713412282e-01
5.910000000000000000e+02	1.352449111157005973e+03	1.190937549116876835e+04	5.547557547747922399e+03
5.920000000000000000e+02	1.451607892655827070e-01	1.476327418168765560e+00	7.453746011431146012e-01
5.930000000000000000e+02	1.264562122514037712e-01	1.304148926068576797e+00	7.882895997525591891e-01
5.940000000000000000e+02	1.405811662586059774e-01	1.379620590742894892e+00	7.093834197713415612e-01
5.950000000000000000e+02	1.352449111157006655e+03	1.190937549116876653e+04	5.547557547747923309e+03
5.960000000000000000e+02	1.451607892655827348e-01	1.476327418168764893e+00	7.453746011431148233e-01
5.970000000000000000e+02	2.801841476000472286e-01	2.683966087099065145e+00	1.159292011106327847e+00
5.980000000000000000e+02	2.035580889170154478e+04	1.864885308108318422e+05	8.772465134664929064e+04
5.990000000000000000e+02	1.451633430623560372e-01	1.476264945671644790e+00	7.453183842121230418e-01
6.000000000000000000e+02	2.732390110352488910e-01	2.679235265478803640e+00	1.154952855941252965e+00
6.010000000000000000e+02	1.945714223165561634e+04	2.023089283038267749e+05	7.814900730821613979e+04
6.020000000000000000e+02	1.451680416996308509e-01	1.476308055984264067e+00	7.453364290454579377e-01
6.030000000000000000e+02	1.793106917291159563e-01	2.113026352303751576e+00	9.714537489394410308e-01
6.040000000000000000e+02	7.699812428209739664e+03	8.705791026146819058e+04	3.456318254228165461e+04
6.050000000000000000e+02	1.451664130107370720e-01	1.476290299223969038e+00	7.453717369059060793e-01
6.060000000000000000e+02	1.321566230324691671e-01	1.189094032123781064e+00	6.628037649420672750e-01
6.070000000000000000e+02	8.304302863027187698e+01	8.338364899238049475e+02	3.613833304071748671e+02
6.080000000000000000e+02	1.451601908388981121e-01	1.476337931653779689e+00	7.453551109607436942e-01
6.090000000000000000e+02	1.409037935601288316e-01	1.382252802101330280e+00	7.090522957456135700e-01
6.100000000000000000e+02	1.352448109450893753e+03	1.190936319410578290e+04	5.296377462476133587e+03
6.110000000000000000e+02	1.458045671510412589e-01	1.479836051944113162e+00	7.462222461675364071e-01
6.120000000000000000e+02	1.261149182003863667e-01	1.304192184895223372e+00	7.851795769883558318e-01
6.130000000000000000e+02	1.409037935601288316e-01	1.382252802101329836e+00	7.090522957456137920e-01
6.140000000000000000e+02	1.352448109450893753e+03	1.190936319410578108e+04	5.296377462476134497e+03
6.150000000000000000e+02	1.458045671510412589e-01	1.479836051944113162e+00	7.462222461675365182e-01
6.160000000000000000e+02	2.801801223368509675e-01	2.683902099398800534e+00	1.159251074977063256e+00
6.170000000000000000e+02	2.035580911063339227e+04	1.864885321737749910e+05	8.772464972395422228e+04
6.180000000000000000e+02	1.457983553825178136e-01	1.479787320970419762e+00	7.462261910098419992e-01
6.190000000000000000e+02	2.732951629391890402e-01	2.679292783765391039e+00	1.154965636264004392e+00
6.200000000000000000e+02	1.945714225448746583e+04	2.023089326580814086e+05	7.814900670103210723e+04
6.210000000000000000e+02	1.457985934423750574e-01	1.479864860452722253e+00	7.462560799027433411e-01
6.220000000000000000e+02	1.796493933833972489e-01	2.115837872677191367e+00	9.719291321820500151e-01
6.230000000000000000e+02	7.699812020437290812e+03	8.705790411944904190e+04	3.456317821518112760e+04
6.240000000000000000e+02	1.458049737225477760e-01	1.479839333502040111e+00	7.462456406213299198e-01
6.250000000000000000e+02	1.322202373766649675e-01	1.192309154341213207e+00	6.617613587566514299e-01
6.260000000000000000e+02	8.304341129698124746e+01	8.339630282160958359e+02	3.613859693340455124e+02
6.270000000000000000e+02	1.457996687207385178e-01	1.479835663339846397e+00	7.462158842521168234e-01
6.280000000000000000e+02	1.418705553363392990e-01	1.397133729199706131e+00	7.072758464194119910e-01
6.290000000000000000e+02	1.338803880066592455e+03	1.213491977207895798e+04	5.430344153992162319e+03
6.300000000000000000e+02	1.478927803294053378e-01	1.500185433125243550e+00	7.519116446613650639e-01
6.310000000000000000e+02	1.245139152604603366e-01	1.306287106294920619e+00	7.723376335067057008e-01
6.320000000000000000e+02	1.418705553363392990e-01	1.397133729199706131e+00	7.072758464194121020e-01
6.330000000000000000e+02	1.338803880066592910e+03	1.213491977207895798e+04	5.430344153992160500e+03
6.340000000000000000e+02	1.478927803294053378e-01	1.500185433125243106e+00	7.519116446613650639e-01
6.350000000000000000e+02	2.801694280074716326e-01	2.683692976559668431e+00	1.159100959918230256e+00
6.360000000000000000e+02	2.035581002154961243e+04	1.864885382313292939e+05	8.772464254080699175e+04
6.370000000000000000e+02	1.478989591838641982e-01	1.500171242701261676e+00	7.518917696668985240e-01
6.380000000000000000e+02	2.735321989840444057e-01	2.679587692884085381e+00	1.155056199088611901e+00
6.390000000000000000e+02	1.945714235596552680e+04	2.023089519997041207e+05	7.814900379559714929e+04
6.400000000000000000e+02	1.479028097924657281e-01	1.500288703345266761e+00	7.519173499495429569e-01
6.410000000000000000e+02	1.812671415750143900e-01	2.129775586108118457e+00	9.741811515119572773e-01
6.420000000000000000e+02	7.699810236261321734e+03	8.705787679079369991e+04	3.456315934740594093e+04
6.430000000000000000e+02	1.478961401230814154e-01	1.500205379039407649e+00	7.519031065995023244e-01
6.440000000000000000e+02	1.327994137777288031e-01	1.211820538951459136e+00	6.556470398884320927e-01
6.450000000000000000e+02	8.306934160038564130e+01	8.340253209086278048e+02	3.613271006471389342e+02
6.460000000000000000e+02	1.479041687395384885e-01	1.500197305509960222e+00	7.519258549427538796e-01
6.470000000000000000e+02	1.430283358531590499e-01	1.421632310568094137e+00	7.069920806379536016e-01
6.480000000000000000e+02	1.356483532969065209e+03	1.294467974769578359e+04	5.481663883951086063e+03
6.490000000000000000e+02	1.505028794734598330e-01	1.530347549864351286e+00	7.618682788268067441e-01
6.500000000000000000e+02	1.238418745383856739e-01	1.304126408421994565e+00	7.597489753989338235e-01
6.510000000000000000e+02	1.430283358531590499e-01	1.421632310568093915e+00	7.069920806379534906e-01
6.520000000000000000e+02	1.356483532969065209e+03	1.294467974769578905e+04	5.481663883951086063e+03
6.530000000000000000e+02	1.505028794734598607e-01	1.530347549864351953e+00	7.618682788268068551e-01
6.540000000000000000e+02	2.801711528620028924e-01	2.683661702019570328e+00	1.159039247204282308e+00
6.550000000000000000e+02	2.035581111438346488e+04	1.864885458033392788e+05	8.772463359096278145e+04
6.560000000000000000e+02	1.505070810993111574e-01	1.530431041417221305e+00	7.618680610205549320e-01
6.570000000000000000e+02	2.738475080207998791e-01	2.680059169663659979e+00	1.155316396223744491e+00
6.580000000000000000e+02	1.945714248282037079e+04	2.023089761895058909e+05	7.814900012420142593e+04
6.590000000000000000e+02	1.504950844876173088e-01	1.530463206103951590e+00	7.618777924595366846e-01
6.600000000000000000e+02	1.832119769114207430e-01	2.148403193108947118e+00	9.773784634538154048e-01
6.610000000000000000e+02	7.699807962039498307e+03	8.705784256684330467e+04	3.456313562925837323e+04
6.620000000000000000e+02	1.504971654267710512e-01	1.530385390098551124e+00	7.618587312579427895e-01
6.630000000000000000e+02	1.331106368584175914e-01	1.244942239384516647e+00	6.493860907462083443e-01
6.640000000000000000e+02	8.304740175152721804e+01	8.340209116142231096e+02	3.614124320883159385e+02
6.650000000000000000e+02	1.504995589968788350e-01	1.530435059359847028e+00	7.618767445681726702e-01
6.660000000000000000e+02	1.405554105094757866e-01	1.379437722336254390e+00	7.093915005953094211e-01
6.670000000000000000e+02	6.735860696967495642e+03	6.180958260150846036e+04	2.780624978474985619e+04
6.680000000000000000e+02	1.451028907347571839e-01	1.475953429245696613e+00	7.452550688402032053e-01
6.690000000000000000e+02	1.264936307215350497e-01	1.304120450598902359e+00	7.886221550119898449e-01
6.700000000000000000e+02	1.405554105094757866e-01	1.379437722336254613e+00	7.093915005953095321e-01
6.710000000000000000e+02	6.735860696967492913e+03	6.180958260150846036e+04	2.780624978474984891e+04
6.720000000000000000e+02	1.451028907347571562e-01	1.475953429245696613e+00	7.452550688402034273e-01
6.730000000000000000e+02	2.801847718293635214e-01	2.683971028237170042e+00	1.159296249359002218e+00
6.740000000000000000e+02	1.017791394220263464e+05	9.324439227699546609e+05	4.116395605703713954e+05
6.750000000000000000e+02	1.450991788882850519e-01	1.475980919785494061e+00	7.452502690811282360e-01
6.760000000000000000e+02	2.732333859181224067e-01	2.679231392931488820e+00	1.154950954531229312e+00
6.770000000000000000e+02	9.973219825543214392e+04	1.011544020147860865e+06	4.033271828478457755e+05
6.780000000000000000e+02	1.451067936695286942e-01	1.475982543470904851e+00	7.452556010582189749e-01
6.790000000000000000e+02	1.792764673821650723e-01	2.112745124062285651e+00	9.714124016398960615e-01
6.800000000000000000e+02	4.023554647113414831e+04	4.352910530521441833e+05	1.728141418100893206e+05
6.810000000000000000e+02	1.451045464076022584e-01	1.475930320184213773e+00	7.452559741628341783e-01
6.820000000000000000e+02	1.321457572236727218e-01	1.188785308921717299e+00	6.628785857483170396e-01
6.830000000000000000e+02	4.152440500406012802e+02	4.172868705432359093e+03	1.808319546663444498e+03
6.840000000000000000e+02	1.451007048142425315e-01	1.475999951705992963e+00	7.452389789144385768e-01
6.850000000000000000e+02	1.405811662586059496e-01	1.379620590742894448e+00	7.093834197713412282e-01
6.860000000000000000e+02	6.735860529507054707e+03	6.180958137991422700e+04	2.780624898092488002e+04
6.870000000000000000e+02	1.451607892655827070e-01	1.476327418168765560e+00	7.453746011431146012e-01
6.880000000000000000e+02	1.264562122514037712e-01	1.304148926068576797e+00	7.882895997525591891e-01
6.890000000000000000e+02	1.405811662586059774e-01	1.379620590742894892e+00	7.093834197713415612e-01
6.900000000000000000e+02	6.735860529507053798e+03	6.180958137991422700e+04	2.780624898092487274e+04
6.910000000000000000e+02	1.451607892655827348e-01	1.476327418168764893e+00	7.453746011431148233e-01
6.920000000000000000e+02	2.801841476000472286e-01	2.683966087099065145e+00	1.159292011106327847e+00
6.930000000000000000e+02	1.017791394412263471e+05	9.324439229062462691e+05	4.116395603534922702e+05
6.940000000000000000e+02	1.451633430623560372e-01	1.476264945671644790e+00	7.453183842121230418e-01
6.950000000000000000e+02	2.732390110352488910e-01	2.679235265478803640e+00	1.154952855941252965e+00
6.960000000000000000e+02	9.973219826178366202e+04	1.011544020583187346e+06	4.033271828471838962e+05
6.970000000000000000e+02	1.451680416996308509e-01	1.476308055984264067e+00	7.453364290454579377e-01
6.980000000000000000e+02	1.793106917291159563e-01	2.113026352303751576e+00	9.714537489394410308e-01
6.990000000000000000e+02	4.023554644834497594e+04	4.352910524465335766e+05	1.728141413965810207e+05
7.000000000000000000e+02	1.451664130107370720e-01	1.476290299223969038e+00	7.453717369059060793e-01
7.010000000000000000e+02	1.321566230324691671e-01	1.189094032123781064e+00	6.628037649420672750e-01
7.020000000000000000e+02	4.152440861391412454e+02	4.172869296035391017e+03	1.808319687258477643e+03
7.030000000000000000e+02	1.451601908388981121e-01	1.476337931653779689e+00	7.453551109607436942e-01
7.040000000000000000e+02	1.409037935601288316e-01	1.382252802101330280e+00	7.090522957456135700e-01
7.050000000000000000e+02	6.736329694093295075e+03	6.180956962352413393e+04	2.780624163398944802e+04
7.060000000000000000e+02	1.458045671510412589e-01	1.479836051944113162e+00	7.462222461675364071e-01
7.070000000000000000e+02	1.261149182003863667e-01	1.304192184895223372e+00	7.851795769883558318e-01
7.080000000000000000e+02	1.409037935601288316e-01	1.382252802101329836e+00	7.090522957456137920e-01
7.090000000000000000e+02	6.736329694093295075e+03	6.180956962352411210e+04	2.780624163398944802e+04
7.100000000000000000e+02	1.458045671510412589e-01	1.479836051944113162e+00	7.462222461675365182e-01
7.110000000000000000e+02	2.801801223368509675e-01	2.683902099398800534e+00	1.159251074977063256e+00
7.120000000000000000e+02	1.017791396379450744e+05	9.324439242691644467e+05	4.116395590206204215e+05
7.130000000000000000e+02	1.457983553825178136e-01	1.479787320970419762e+00	7.462261910098419992e-01
7.140000000000000000e+02	2.732951629391890402e-01	2.679292783765391039e+00	1.154965636264004392e+00
7.150000000000000000e+02	9.973219831312863971e+04	1.011544024936319911e+06	4.033271828405645792e+05
7.160000000000000000e+02	1.457985934423750574e-01	1.479864860452722253e+00	7.462560799027433411e-01
7.170000000000000000e+02	1.796493933833972489e-01	2.115837872677191367e+00	9.719291321820500151e-01
7.180000000000000000e+02	4.023554617840888386e+04	4.352910463300245465e+05	1.728141371974045469e+05
7.190000000000000000e+02	1.458049737225477760e-01	1.479839333502040111e+00	7.462456406213299198e-01
7.200000000000000000e+02	1.322202373766649675e-01	1.192309154341213207e+00	6.617613587566514299e-01
7.210000000000000000e+02	4.152444900945779409e+02	4.172995606045084060e+03	1.808322455992273035e+03
7.220000000000000000e+02	1.457996687207385178e-01	1.479835663339846397e+00	7.462158842521168234e-01
7.230000000000000000e+02	1.418705553363392990e-01	1.397133729199706131e+00	7.072758464194119910e-01
7.240000000000000000e+02	6.823741624370350110e+03	6.005550213871618325e+04	2.773584841332210635e+04
7.250000000000000000e+02	1.478927803294053378e-01	1.500185433125243550e+00	7.519116446613650639e-01
7.260000000000000000e+02	1.245139152604603366e-01	1.306287106294920619e+00	7.723376335067057008e-01
7.270000000000000000e+02	1.418705553363392990e-01	1.397133729199706131e+00	7.072758464194121020e-01
7.280000000000000000e+02	6.823741624370350110e+03	6.005550213871616870e+04	2.773584841332209908e+04
7.290000000000000000e+02	1.478927803294053378e-01	1.500185433125243106e+00	7.519116446613650639e-01
7.300000000000000000e+02	2.801694280074716326e-01	2.683692976559668431e+00	1.159100959918230256e+00
7.310000000000000000e+02	1.017791405122511351e+05	9.324439311120627681e+05	4.116395530906738131e+05
7.320000000000000000e+02	1.478989591838641982e-01	1.500171242701261676e+00	7.518917696668985240e-01
7.330000000000000000e+02	2.735321989840444057e-01	2.679587692884085381e+00	1.155056199088611901e+00
7.340000000000000000e+02	9.973219853605455137e+04	1.011544044283579919e+06	4.033271828111485811e+05
7.350000000000000000e+02	1.479028097924657281e-01	1.500288703345266761e+00	7.519173499495429569e-01
7.360000000000000000e+02	1.812671415750143900e-01	2.129775586108118457e+00	9.741811515119572773e-01
7.370000000000000000e+02	4.023554501464792702e+04	4.352910189658556483e+05	1.728141181734630954e+05
7.380000000000000000e+02	1.478961401230814154e-01	1.500205379039407649e+00	7.519031065995023244e-01
7.390000000000000000e+02	1.327994137777288031e-01	1.211820538951459136e+00	6.556470398884320927e-01
7.400000000000000000e+02	4.152704038868494649e+02	4.173057638776001113e+03	1.808263602242059051e+03
7.410000000000000000e+02	1.479041687395384885e-01	1.500197305509960222e+00	7.519258549427538796e-01
7.420000000000000000e+02	1.430283358531590499e-01	1.421632310568094137e+00	7.069920806379536016e-01
7.430000000000000000e+02	6.735819376088249555e+03	6.472303037826396030e+04	2.773581244071585752e+04
7.440000000000000000e+02	1.505028794734598330e-01	1.530347549864351286e+00	7.618682788268067441e-01
7.450000000000000000e+02	1.238418745383856739e-01	1.304126408421994565e+00	7.597489753989338235e-01
7.460000000000000000e+02	1.430283358531590499e-01	1.421632310568093915e+00	7.069920806379534906e-01
7.470000000000000000e+02	6.735819376088246827e+03	6.472303037826390937e+04	2.773581244071585388e+04
7.480000000000000000e+02	1.505028794734598607e-01	1.530347549864351953e+00	7.618682788268068551e-01
7.490000000000000000e+02	2.801711528620028924e-01	2.683661702019570328e+00	1.159039247204282308e+00
7.500000000000000000e+02	1.017791416051352717e+05	9.324439423426025314e+05	4.116395457397151040e+05
7.510000000000000000e+02	1.505070810993111574e-01	1.530431041417221305e+00	7.618680610205549320e-01
7.520000000000000000e+02	2.738475080207998791e-01	2.680059169663659979e+00	1.155316396223744491e+00
7.530000000000000000e+02	9.973219883671113348e+04	1.011544068467686186e+06	4.033271828299370245e+05
7.540000000000000000e+02	1.504950844876173088e-01	1.530463206103951590e+00	7.618777924595366846e-01
7.550000000000000000e+02	1.832119769114207430e-01	2.148403193108947118e+00	9.773784634538154048e-01
7.560000000000000000e+02	4.023554352458036738e+04	4.352909848621041165e+05	1.728140946266964602e+05
7.570000000000000000e+02	1.504971654267710512e-01	1.530385390098551124e+00	7.618587312579427895e-01
7.580000000000000000e+02	1.331106368584175914e-01	1.244942239384516647e+00	6.493860907462083443e-01
7.590000000000000000e+02	4.152484816409101995e+02	4.173053492104066208e+03	1.808348970195427000e+03
7.600000000000000000e+02	1.504995589968788350e-01	1.530435059359847028e+00	7.618767445681726702e-01
