# k	cb	gl	xy
1	0.100591	1.21367	0.619287
2	0.0966734	1.11025	0.453539
3	0.113908	0.941142	0.491035
4	0.200673	2.06344	0.953916
5	0.085034	1.96963	0.806129
6	0.11337	1.07685	0.54395
7	0.162479	2.08456	0.961303
8	0.0914694	0.861832	0.417492
9	0.156946	1.51564	0.707613
10	0.0987348	1.48361	0.596492
11	0.0963688	0.879742	0.433832
12	0.106191	0.941461	0.446116
13	0.0945619	1.23768	0.495311
14	0.106404	0.877874	0.477088
15	0.111174	0.954586	0.490093
16	0.0935602	1.02573	0.449109
17	0.100297	0.898379	0.396107
18	0.118246	0.899604	0.422728
19	0.0942682	0.836368	0.388785
20	0.0889882	0.697451	0.356751
21	0.145538	1.19191	0.530227
22	0.263883	2.06056	0.955053
23	0.0831503	2.06502	0.711646
24	0.151933	1.47736	0.683238
25	0.204749	2.08469	0.951081
26	0.0893176	1.57387	0.944185
27	0.256331	2.49201	1.081
28	0.0863524	1.00858	0.440048
29	0.0776766	0.67593	0.377419
30	0.109455	1.168	0.524453
31	0.0852658	0.85896	0.349181
32	0.0888471	0.706558	0.371363
33	0.112456	1.19046	0.529765
34	0.101061	1.0725	0.574678
35	0.0897716	0.662043	0.330638
36	0.0958488	0.868405	0.439693
37	0.261266	1.83045	0.874592
38	0.0833905	0.672905	0.325502
39	0.104784	1.18715	0.533547
40	0.266981	2.33845	1.03579
41	0.0822971	1.56434	0.45187
42	0.131833	1.28828	0.581485
43	0.260371	1.91036	0.949959
44	0.0926449	1.20886	0.631013
45	0.271471	2.6199	1.13164
46	0.123832	1.20299	0.535674
47	0.0742363	0.619811	0.314876
48	0.0999645	0.855201	0.527265
49	0.0812246	0.891334	0.440705
50	0.0687492	0.6665	0.322164
51	0.122156	1.05804	0.531923
52	0.0814479	1.35778	0.41288
53	0.0736315	0.647214	0.309857
54	0.0983817	0.794565	0.415871
55	0.227429	0.915722	0.433213
56	0.0851874	0.64945	0.361858
57	0.140294	1.12225	0.542751
58	0.205029	2.06039	0.958943
59	0.0943542	1.79346	0.78375
60	0.122691	1.20682	0.56332
61	0.205131	2.04897	0.949436
62	0.0983043	1.30463	0.63468
63	0.276559	2.66244	1.14939
64	0.0811406	0.614964	0.386182
65	0.0657074	0.603905	0.277854
66	0.122111	1.01286	0.542728
67	0.112507	1.08554	0.396349
68	0.0753121	0.746042	0.299592
69	0.129058	1.21076	0.564389
70	0.095964	0.602546	0.323664
71	0.086999	0.645351	0.358508
72	0.0991108	0.778854	0.390538
73	0.0911846	1.38963	0.429249
74	0.0751167	0.591235	0.335411
75	0.179741	1.433	0.608835
76	0.277547	2.04802	0.949467
77	0.111732	2.08462	0.744809
78	0.174365	1.63835	0.741506
79	0.24822	1.82369	0.961449
80	0.190165	1.85388	0.741496
81	0.282952	2.72204	1.17434
82	0.120348	0.613992	0.514274
83	0.0809573	0.589036	0.291496
84	0.178559	1.40592	0.596109
85	0.0861397	1.36124	0.297082
86	0.08158	0.600206	0.309683
87	0.205839	1.44384	0.618109
88	0.135635	0.758788	0.360738
89	0.075533	0.603808	0.283738
90	0.145717	1.22838	0.573163
91	0.0845168	0.792743	0.849253
92	0.0995165	0.668402	0.298336
93	0.24939	2.37891	1.0595
94	0.199963	2.33866	1.03586
95	0.117869	1.8572	0.736468
96	0.150556	1.48734	0.68314
97	0.20501	2.08492	0.950732
98	0.121762	2.08555	0.906785
99	0.27832	2.67639	1.15466
100	0.0850315	0.979167	0.278274
101	0.0740859	0.720904	0.388941
102	0.206592	1.30552	0.589679
103	0.0839007	1.02017	0.371378
104	0.0865279	0.665704	0.343531
105	0.227734	2.0327	0.932974
106	0.0772383	0.578768	0.252761
107	0.0679149	0.616657	0.286568
108	0.152868	1.51676	0.640918
109	0.0812598	1.37986	0.444229
110	0.083408	1.04374	0.317938
111	0.295905	2.73758	1.23074
112	0.192879	2.33847	1.03599
113	0.102019	1.55915	0.527937
114	0.188369	1.80815	0.802714
115	0.205111	2.08466	0.961315
116	0.245843	2.3146	1.01613
117	0.286769	2.7587	1.19032
118	0.075888	0.705625	0.409009
119	0.0797799	1.06335	0.348391
120	0.200253	1.56334	0.723417
121	0.0892739	0.961884	0.380673
122	0.0634391	0.915288	0.336855
123	0.291498	1.82584	0.930176
124	0.074027	0.600727	0.37223
125	0.0635041	0.587989	0.277273
126	0.164846	1.494	0.689415
127	0.249256	0.686964	0.448285
128	0.127883	1.01293	0.364257
129	0.276801	2.44224	1.05623
130	0.257719	2.06219	0.955272
131	0.118777	1.81408	0.81177
132	0.156349	1.58965	0.730664
133	0.205493	2.08467	0.960447
134	0.184836	1.87036	0.83339
135	0.278326	2.67641	1.15467
136	0.0786313	0.678302	0.280219
137	0.0887807	0.651045	0.392918
138	0.209163	2.18918	0.974875
139	0.0749418	0.558273	0.291768
140	0.0874531	0.633845	0.32739
141	0.267242	1.85347	0.90262
142	0.17679	0.611396	0.260005
143	0.0664474	0.842876	0.264558
144	0.135591	1.54902	0.738145
145	0.0972204	1.00184	0.456305
146	0.0871937	0.763128	0.382376
147	0.0917632	0.882964	0.424924
148	0.258473	2.05079	0.953883
149	0.0705552	1.96538	0.515588
150	0.12173	1.17331	0.590368
151	0.176086	2.05251	0.956358
152	0.0913521	0.718878	0.345363
153	0.143868	1.37253	0.658293
154	0.103413	1.0041	0.458547
155	0.0846251	0.846961	0.362966
156	0.0923597	0.876746	0.421218
157	0.250296	1.00194	0.457366
158	0.0894245	0.781401	0.373999
159	0.0894107	0.865928	0.426091
160	0.0988171	0.830501	0.456947
161	0.102551	0.741341	0.384335
162	0.09373	0.95441	0.438901
163	0.0868986	0.79063	0.431283
164	0.0682823	0.713483	0.298154
165	0.0875497	0.81436	0.38903
166	0.211834	2.06034	0.954055
167	0.0645187	1.46217	0.442567
168	0.0926366	0.878157	0.50327
169	0.264143	2.05268	0.951592
170	0.0759804	0.731982	0.367796
171	0.194998	1.89317	0.841968
172	0.083065	0.960078	0.43006
173	0.0693848	0.618946	0.302059
174	0.0873504	0.751451	0.386203
175	0.0753866	0.996378	0.423185
176	0.0692878	0.633652	0.30282
177	0.0891837	0.756906	0.445518
178	0.0898478	0.992877	0.444803
179	0.0864943	0.599795	0.289651
180	0.0893939	0.773369	0.400414
181	0.071223	0.934509	0.284998
182	0.0701408	0.579282	0.283119
183	0.0921528	0.789487	0.473777
184	0.243796	2.05993	0.948457
185	0.0755827	1.14923	0.556926
186	0.0964892	1.04328	0.52016
187	0.204301	1.91414	0.792043
188	0.0902043	0.82765	0.493527
189	0.271749	2.59516	1.12207
190	0.0688859	0.797323	0.280496
191	0.0609704	0.554092	0.25473
192	0.0967853	0.840908	0.441712
193	0.0679268	0.888097	0.287982
194	0.0711531	0.566365	0.30773
195	0.0982662	0.728819	0.425867
196	0.0639264	0.560957	0.225629
197	0.0653396	0.565479	0.263179
198	0.0951843	0.766415	0.429936
199	0.0906386	0.682948	0.27937
200	0.067878	0.559269	0.276702
201	0.0906483	1.01618	0.446884
202	0.205002	2.06018	0.953492
203	0.0767444	1.03667	0.742949
204	0.0969413	1.01038	0.513925
205	0.206072	1.91233	0.949553
206	0.0945979	0.893924	0.527037
207	0.277669	2.66903	1.15174
208	0.14646	0.582148	0.239165
209	0.0525431	0.672047	0.276411
210	0.0922946	0.915019	0.519818
211	0.0722386	0.749279	0.273351
212	0.0805021	0.553644	0.267076
213	0.0908165	0.909558	0.44418
214	0.0790376	0.578986	0.248086
215	0.0555177	0.55945	0.280412
216	0.0903868	0.790749	0.429304
217	0.080797	0.593299	0.252212
218	0.0613029	0.612327	0.284448
219	0.129621	1.11267	0.47915
220	0.204153	2.04764	0.949146
221	0.062339	1.5423	0.689756
222	0.0903159	1.02339	0.481161
223	0.204938	2.04946	0.787901
224	0.110831	1.1523	0.615282
225	0.277988	2.67319	1.15337
226	0.0691639	0.645914	0.31777
227	0.0521716	0.602084	0.252336
228	0.127746	1.0229	0.483576
229	0.067441	0.597031	0.263563
230	0.0625072	0.610664	0.248012
231	0.118652	1.05203	0.47961
232	0.0925993	0.624554	0.293511
233	0.063141	0.578511	0.268394
234	0.0990225	0.781519	0.396368
235	0.0740826	0.572344	0.258461
236	0.0741962	0.600275	0.274893
237	0.120434	0.92905	0.417893
238	0.211496	2.06031	0.954969
239	0.0793387	1.20175	0.787231
240	0.0870835	1.05176	0.570567
241	0.205105	2.08602	0.949796
242	0.115135	1.43405	0.663538
243	0.278509	2.67814	1.15541
244	0.0905823	0.596085	0.229655
245	0.0549585	0.566056	0.321134
246	0.131139	1.31344	0.588831
247	0.0759941	0.559892	0.32992
248	0.0619729	0.624681	0.275557
249	0.133302	1.01002	0.462968
250	0.0572655	0.598244	0.243576
251	0.0515992	0.536909	0.231114
252	0.0893113	0.749997	0.416666
253	0.0632638	0.580476	0.309718
254	0.0660429	0.552673	0.272263
255	0.123585	1.3151	0.57271
256	0.243862	1.92534	0.954979
257	0.0789044	1.75599	0.420956
258	0.088272	1.16843	0.605177
259	0.205137	1.83011	0.950184
260	0.114529	1.79689	0.66008
261	0.278318	2.67633	1.15463
262	0.0830462	0.580463	0.259241
263	0.0649818	0.562962	0.236863
264	0.121167	1.28207	0.570158
265	0.0690041	0.648547	0.27324
266	0.0735109	0.600798	0.250748
267	0.125285	1.39264	0.569611
268	0.0614354	0.552643	0.292971
269	0.0628255	0.549049	0.295271
270	0.0922369	0.770568	0.39085
271	0.078005	0.652141	0.394877
272	0.0619277	0.62374	0.312519
273	0.10346	1.1743	0.549737
274	0.204604	2.04817	0.954194
275	0.111114	0.957694	0.51746
276	0.110178	1.18009	0.565112
277	0.261929	2.08477	0.961614
278	0.177449	1.37074	0.785037
279	0.278325	2.67639	1.15466
280	0.0600338	0.637711	0.245549
281	0.0647305	0.555734	0.260727
282	0.11356	1.2942	0.566339
283	0.0627002	0.680321	0.270101
284	0.0558892	0.557141	0.326979
285	0.122258	1.26253	0.468306
286	0.0819709	0.746795	0.226756
287	0.071119	0.56665	0.266966
288	0.0869103	0.903494	0.477142
289	0.090757	0.879783	0.437586
290	0.0838518	0.833783	0.378243
291	0.0858388	0.854532	0.395595
292	0.204062	2.05515	0.954308
293	0.0695383	0.632317	0.360303
294	0.0911743	0.788962	0.435957
295	0.188987	2.05615	1.01113
296	0.0813939	0.599985	0.296235
297	0.118818	1.18457	0.591321
298	0.101312	0.950492	0.431689
299	0.0863322	0.750739	0.379063
300	0.0872025	0.858318	0.399508
301	0.0917071	0.891456	0.452792
302	0.0896991	0.725913	0.374661
303	0.0857612	0.865482	0.394824
304	0.0939428	0.87234	0.414281
305	0.0999451	0.706985	0.362154
306	0.0890478	0.794955	0.396042
307	0.114631	0.903346	0.32813
308	0.0645699	0.555086	0.263367
309	0.0785621	0.680034	0.343293
310	0.189601	2.05914	0.948422
311	0.0573376	0.628573	0.672994
312	0.0809442	0.819097	0.433499
313	0.124125	1.91108	0.842885
314	0.0775202	0.596615	0.263253
315	0.140719	1.38218	0.656342
316	0.0833351	0.800436	0.321861
317	0.0651044	0.547464	0.261799
318	0.0770626	0.680583	0.334666
319	0.0776313	0.726106	0.351471
320	0.0740716	0.548558	0.252583
321	0.0811587	0.73462	0.33402
322	0.0877335	0.78863	0.438902
323	0.0582287	0.55984	0.258492
324	0.0814193	0.70245	0.357333
325	0.084493	0.846138	0.277251
326	0.0644292	0.681612	0.247842
327	0.0727998	0.624796	0.330129
328	0.256182	2.33715	1.03579
329	0.0700846	1.52186	0.768516
330	0.0803127	0.685641	0.374463
331	0.204928	2.09969	1.03615
332	0.0706055	0.604848	0.299475
333	0.176662	1.72008	0.783473
334	0.0714463	1.05263	0.303925
335	0.0498986	0.538249	0.235373
336	0.0749009	0.679299	0.327845
337	0.0738394	0.612105	0.268078
338	0.0527784	0.563911	0.265106
339	0.0770894	0.634035	0.323304
340	0.0693813	0.711901	0.293427
341	0.0523948	0.554689	0.246943
342	0.0787225	0.690186	0.335103
343	0.0648392	0.61432	0.242406
344	0.057577	0.571073	0.225479
345	0.0800454	0.700581	0.326464
346	0.191001	2.05089	0.948651
347	0.075098	1.0039	0.250547
348	0.0838534	0.746813	0.397811
349	0.205197	1.78776	0.845422
350	0.082097	0.643231	0.428373
351	0.251968	2.38735	1.04508
352	0.0717731	1.07295	0.244455
353	0.0454913	0.527199	0.242599
354	0.0744602	0.689565	0.339181
355	0.0560818	0.560076	0.347735
356	0.0576283	0.584879	0.25232
357	0.0866066	0.655845	0.355932
358	0.0877141	0.763006	0.2478
359	0.0455652	0.537511	0.234202
360	0.0749683	0.633511	0.323679
361	0.0719571	0.735446	0.38363
362	0.0556265	0.540855	0.237542
363	0.0794666	0.659077	0.333477
364	0.189743	2.04796	0.948365
365	0.0812217	0.668293	0.273191
366	0.0700194	0.716677	0.388756
367	0.194067	1.91441	0.842094
368	0.104358	0.74423	0.435809
369	0.270071	2.58626	1.1212
370	0.0777719	0.541788	0.286186
371	0.0444132	0.554928	0.210923
372	0.0790455	0.726499	0.333552
373	0.067825	0.666529	0.289402
374	0.0568636	0.552441	0.230744
375	0.0811327	0.643708	0.371003
376	0.159883	0.588197	0.230759
377	0.0479153	0.550208	0.267545
378	0.0742177	0.628314	0.303658
379	0.061504	0.570917	0.335212
380	0.0494817	0.533185	0.239705
381	0.0802334	0.649098	0.331176
382	0.198127	1.90861	0.948398
383	0.0774195	0.822631	0.289258
384	0.075843	0.717305	0.387266
385	0.175375	1.93143	0.697175
386	0.0854337	1.15842	0.516548
387	0.274928	2.64451	1.14356
388	0.092355	0.53783	0.3051
389	0.0507626	0.520302	0.206546
390	0.0815938	0.748633	0.358717
391	0.235215	0.582508	0.358399
392	0.0605278	0.53362	0.23577
393	0.078106	0.684242	0.325935
394	0.0676014	0.617689	0.313828
395	0.0484191	0.531554	0.236848
396	0.0734418	0.625009	0.332703
397	0.0904807	0.597076	0.243632
398	0.0540362	0.55355	0.264907
399	0.0798097	0.67241	0.344573
400	0.204216	2.00811	0.94953
401	0.0661596	0.712998	0.347225
402	0.0752275	0.744953	0.398222
403	0.205536	1.70935	0.950688
404	0.113063	0.837804	0.524018
405	0.276583	2.66149	1.15016
406	0.107642	0.566456	0.253335
407	0.0563113	0.585981	0.23168
408	0.08055	0.71252	0.413654
409	0.30381	0.999628	0.314396
410	0.0620736	0.551096	0.242363
411	0.0759343	0.623476	0.337539
412	0.100021	0.594723	0.215534
413	0.0506011	0.533846	0.258935
414	0.0672348	0.636658	0.330241
415	0.0828799	0.64963	0.379399
416	0.0576327	0.543088	0.255536
417	0.0796473	0.75068	0.379037
418	0.218708	2.06039	0.948228
419	0.0772068	0.642268	0.283667
420	0.0791951	0.680121	0.376734
421	0.262267	2.08586	1.01925
422	0.115022	1.37504	0.659684
423	0.278218	2.67506	1.15418
424	0.0888129	0.569521	0.292005
425	0.0462962	0.544827	0.250628
426	0.084866	0.744589	0.462657
427	0.072407	0.582533	0.284082
428	0.0588295	0.598706	0.233728
429	0.082852	0.757955	0.370369
430	0.157347	0.567416	0.242388
431	0.0499722	0.585255	0.239323
432	0.0705126	0.676264	0.351024
433	0.0937224	1.29505	0.564172
434	0.0907234	0.858912	0.417763
435	0.0892834	0.783735	0.370322
436	0.264628	2.05263	0.954282
437	0.0695427	0.636732	0.268961
438	0.0795172	0.740969	0.369068
439	0.264631	2.05194	0.953554
440	0.0671395	0.565063	0.270032
441	0.0987211	1.05879	0.547546
442	0.101734	1.05516	0.490149
443	0.0967069	0.777846	0.717398
444	0.0891073	0.857743	0.398911
445	0.103831	0.935404	0.482354
446	0.0981027	0.782465	0.409922
447	0.0874049	0.784527	0.372129
448	0.109205	0.966497	0.624116
449	0.125502	0.776319	0.387081
450	0.0881357	0.825867	0.389016
451	0.0861654	0.767492	0.441644
452	0.0690704	0.560159	0.27153
453	0.0749355	0.633583	0.300034
454	0.198534	2.04779	0.948175
455	0.0556024	0.68914	0.368287
456	0.0762883	0.640349	0.300121
457	0.153541	1.78041	0.787852
458	0.0681621	0.568025	0.254733
459	0.115804	1.1088	0.544641
460	0.0849149	0.755827	0.588178
461	0.0510108	0.538299	0.304601
462	0.0763523	0.650577	0.309147
463	0.0949548	0.864716	0.398422
464	0.0624814	0.572513	0.291586
465	0.0739534	0.634752	0.304424
466	0.0901352	0.637653	0.334421
467	0.0592591	0.602396	0.281634
468	0.0799041	0.657952	0.329358
469	0.119007	0.69022	0.357479
470	0.0550455	0.542147	0.269776
471	0.0685484	0.628689	0.299801
472	0.187668	2.04768	0.94855
473	0.058487	0.642073	0.374345
474	0.0749281	0.606657	0.273017
475	0.187672	1.75903	0.80284
476	0.0525204	0.560576	0.27795
477	0.135463	1.32143	0.622551
478	0.0841029	0.574179	0.488954
479	0.0443209	0.552118	0.244684
480	0.0702912	0.63244	0.299914
481	0.0775935	0.70149	0.280531
482	0.0585061	0.560391	0.257846
483	0.0707787	0.633045	0.300757
484	0.0703756	0.559068	0.301458
485	0.0544007	0.580591	0.247514
486	0.0768414	0.641749	0.312132
487	0.0931611	0.557418	0.261542
488	0.0468007	0.531404	0.22149
489	0.0698587	0.598658	0.292657
490	0.208309	2.04837	0.94857
491	0.0755651	0.913964	0.403362
492	0.0688859	0.581841	0.263174
493	0.198291	1.84163	0.832129
494	0.0585953	0.566686	0.247292
495	0.122148	1.22367	0.596504
496	0.075332	0.598891	0.332991
497	0.0458418	0.512878	0.218384
498	0.0696329	0.625959	0.306047
499	0.0758693	0.568333	0.270851
500	0.0462409	0.529059	0.226431
501	0.0671758	0.61189	0.296241
502	0.0781524	0.584503	0.229177
503	0.0553591	0.516089	0.212732
504	0.0705552	0.620247	0.302277
505	0.0754863	0.798616	0.354726
506	0.0474501	0.557219	0.219707
507	0.0638625	0.59094	0.273335
508	0.190406	2.04881	0.867572
509	0.0738122	0.739123	0.569885
510	0.065484	0.555472	0.282469
511	0.203692	1.86871	0.788367
512	0.0727775	0.549373	0.261114
513	0.118638	1.25474	0.637731
514	0.120307	0.575576	0.280228
515	0.0458393	0.526175	0.227363
516	0.066459	0.596879	0.30918
517	0.0803278	0.626814	0.250878
518	0.0489438	0.562422	0.234737
519	0.0667738	0.580967	0.291211
520	0.0840378	0.658522	0.257151
521	0.0472422	0.534513	0.209883
522	0.0709715	0.600436	0.285335
523	0.0597411	0.734339	0.327004
524	0.0543338	0.575175	0.246978
525	0.0627511	0.614595	0.319191
526	0.262866	1.78896	0.948381
527	0.0854563	0.69409	0.352866
528	0.0658143	0.575487	0.291052
529	0.204107	1.90452	0.949453
530	0.105885	0.571056	0.416139
531	0.118208	1.33252	0.650994
532	0.121007	0.888955	0.334117
533	0.0425098	0.522847	0.21926
534	0.0650778	0.609622	0.331344
535	0.233771	0.798579	0.269201
536	0.0463182	0.583064	0.247563
537	0.0649885	0.602262	0.299333
538	0.0742022	0.657404	0.243512
539	0.048069	0.547898	0.212383
540	0.068972	0.587732	0.278045
541	0.0679256	0.582861	0.345309
542	0.0481009	0.610018	0.237497
543	0.0671944	0.615257	0.294434
544	0.191543	2.06186	0.949732
545	0.0756565	0.688867	0.258285
546	0.0667162	0.564205	0.271515
547	0.261999	2.08446	1.15467
548	0.114065	1.14377	0.651168
549	0.153184	1.40329	0.667369
550	0.0918296	0.641109	0.220288
551	0.0485339	0.52046	0.252442
552	0.0670296	0.596783	0.309443
553	0.239107	0.586878	0.270886
554	0.0522401	0.550126	0.223191
555	0.065155	0.584736	0.290082
556	0.278343	0.591331	0.350593
557	0.0566666	0.571445	0.23651
558	0.0669991	0.617719	0.301417
559	0.114542	0.630117	0.473021
560	0.0592696	0.533986	0.285874
561	0.0735436	0.602168	0.281967
562	0.279077	2.06267	0.961701
563	0.055684	0.607618	0.276736
564	0.066636	0.567951	0.296871
565	0.262125	2.08945	0.963986
566	0.112973	1.47018	0.652687
567	0.181479	1.44942	0.713019
568	0.159817	2.04644	0.352677
569	0.0572527	0.524034	0.207252
570	0.0670402	0.645767	0.338014
571	0.175182	0.960233	1.6149
572	0.0467875	0.52221	0.231369
573	0.0628493	0.593088	0.29684
574	0.0661457	0.618187	0.31858
575	0.0533814	0.536405	0.20618
576	0.0650179	0.623707	0.274896
577	0.125046	0.951883	0.4335
578	0.117376	0.789239	0.387742
579	0.0885185	0.788835	0.360503
580	0.264494	2.04988	0.949384
581	0.0625032	0.666052	0.276186
582	0.0776067	0.709802	0.349275
583	0.167018	1.93775	0.953036
584	0.0632047	0.567197	0.26398
585	0.0955831	1.0504	0.531977
586	0.0949356	0.948977	0.445865
587	0.0903922	0.870002	0.389386
588	0.087825	0.829156	0.393678
589	0.105276	0.957166	0.437165
590	0.0936126	0.803976	0.387092
591	0.0898386	0.810355	0.361451
592	0.103377	0.925124	0.436854
593	0.0960329	0.796739	0.42148
594	0.0880414	0.785668	0.377392
595	0.117422	1.00753	0.420202
596	0.0629488	0.626558	0.27077
597	0.0691148	0.624188	0.298383
598	0.205711	2.05135	0.949492
599	0.0587235	0.956531	0.281261
600	0.0739379	0.613899	0.295763
601	0.20371	2.04878	0.948843
602	0.0593256	0.55489	0.251092
603	0.108859	1.07054	0.532962
604	0.109251	0.99677	0.496558
605	0.0677154	0.533623	0.232603
606	0.0738759	0.649035	0.306565
607	0.117842	1.15831	0.543543
608	0.0626594	0.653391	0.27745
609	0.0676107	0.638287	0.306623
610	0.0932356	1.02707	0.522068
611	0.0892441	0.632254	0.267717
612	0.0826326	0.652927	0.324234
613	0.083902	0.681429	0.297821
614	0.0508323	0.555265	0.260622
615	0.0653703	0.579798	0.275715
616	0.189627	2.0475	0.94823
617	0.0742466	0.914705	0.382628
618	0.0710787	0.575908	0.272959
619	0.192047	1.84817	0.948289
620	0.0542211	0.578484	0.249701
621	0.111063	0.997449	0.508489
622	0.0771892	0.874687	0.333215
623	0.0513621	0.513546	0.210252
624	0.0693166	0.599904	0.285897
625	0.0842005	0.741075	0.450694
626	0.0557778	0.549986	0.236446
627	0.0629333	0.586868	0.27527
628	0.0855816	0.649906	0.2887
629	0.0549606	0.5474	0.237011
630	0.0738196	0.634684	0.315779
631	0.089385	0.894628	0.39302
632	0.0482261	0.531627	0.295026
633	0.0626742	0.571333	0.272306
634	0.20331	1.7845	0.948372
635	0.0748507	0.570529	0.355094
636	0.0634221	0.62653	0.351405
637	0.186165	1.55517	0.855506
638	0.056951	0.576652	0.256398
639	0.12135	1.08408	0.514252
640	0.0742293	0.632424	0.356045
641	0.0611097	0.532392	0.273244
642	0.0640129	0.590928	0.279078
643	0.333404	0.607531	0.267677
644	0.053399	0.544907	0.214085
645	0.0597939	0.579726	0.262972
646	0.0732599	0.564387	0.25727
647	0.0506305	0.537985	0.272713
648	0.0712294	0.617216	0.312415
649	0.0914274	0.644272	0.304805
650	0.0461171	0.560304	0.321336
651	0.061438	0.586056	0.257678
652	0.189617	1.90929	0.948555
653	0.0537368	0.639002	0.303708
654	0.0661634	0.568454	0.246761
655	0.1969	1.7614	0.883477
656	0.0547939	0.545271	0.247285
657	0.118693	1.1787	0.536431
658	0.0802271	0.649519	0.348475
659	0.0446169	0.626724	0.232139
660	0.0649088	0.638252	0.290408
661	1.32394	6.0216	0.24551
662	0.0503886	0.542539	0.270995
663	0.0583652	0.620734	0.255135
664	0.080579	0.582845	0.254905
665	0.0468481	0.540773	0.227394
666	0.070982	0.592454	0.282989
667	0.0901391	0.755915	0.330019
668	0.0823922	0.602603	0.249257
669	0.05541	0.571269	0.283416
670	0.266397	1.90972	0.962806
671	0.0837613	1.34776	0.557183
672	0.0625496	0.571031	0.317803
673	0.189544	1.71097	0.840602
674	0.0781909	0.596229	0.418115
675	0.11446	1.21975	0.644643
676	0.274485	0.58526	0.330756
677	0.0409977	0.503771	0.258969
678	0.0631784	0.628621	0.301966
679	12.8241	0.603819	0.309171
680	0.0699102	0.604542	0.24613
681	0.0554007	0.553943	0.26564
682	0.0615679	0.589084	0.315405
683	0.0426603	0.547617	0.228402
684	0.0638089	0.588565	0.28041
685	0.0943118	0.743575	0.887237
686	0.0558326	0.545188	0.214163
687	0.0609212	0.544834	0.252062
688	0.261478	2.06776	0.95469
689	0.0775592	0.610509	0.390427
690	0.0627715	0.56504	0.252149
691	0.23348	2.08467	0.961585
692	0.0853699	0.831089	0.504599
693	0.14935	1.35489	0.65577
694	0.081217	0.543811	0.235544
695	0.0619535	0.510753	0.259587
696	0.0610831	0.577857	0.292658
697	2.15971	0.660136	0.300908
698	0.0441609	0.645248	0.2082
699	0.0583396	0.550226	0.252027
700	0.0518622	0.670673	0.322737
701	0.043971	0.570764	0.237019
702	0.0655294	0.578194	0.255037
703	0.0886398	1.19182	1.02667
704	0.0451004	0.531434	0.232076
705	0.0586036	0.560678	0.25951
706	0.27786	2.08587	0.985097
707	0.0539183	0.627003	0.276418
708	0.0573206	0.57588	0.244118
709	0.272127	2.08484	0.961626
710	0.0885092	0.800388	0.504836
711	0.178936	1.39155	0.657861
712	0.183836	0.56691	0.399344
713	0.0354206	0.521807	0.202557
714	0.063609	0.568719	0.276268
715	13.5733	0.556354	0.467944
716	0.0719507	0.636788	0.37426
717	0.0557644	0.566652	0.258436
718	0.0923774	0.581265	0.227554
719	0.0462459	0.528025	0.205944
720	0.0628676	0.563328	0.247059
721	0.100471	0.842142	0.397366
722	0.0881998	0.844424	0.388951
723	0.0837502	0.822962	0.378127
724	0.174389	2.04863	0.951141
725	0.0613897	0.670493	0.279163
726	0.0796816	0.740595	0.35165
727	0.173115	2.21286	1.03876
728	0.0662864	0.627786	0.2697
729	0.0909894	1.03086	0.519557
730	0.102231	0.913751	0.425754
731	0.0902249	0.937961	0.421944
732	0.0901109	0.86517	0.397774
733	0.0930109	0.857526	0.424902
734	0.0898528	1.02725	0.381439
735	0.0859081	0.781526	0.378218
736	0.0966859	0.937295	0.427576
737	0.0868999	0.79011	0.362491
738	0.0898998	0.801413	0.411191
739	0.121682	0.957411	0.44946
740	0.0681649	0.547002	0.25097
741	0.0644681	0.601908	0.303091
742	0.190397	2.0501	0.787522
743	0.0678455	0.888637	0.295795
744	0.0724543	0.605901	0.283383
745	0.202852	1.91258	0.950452
746	0.0568451	0.534197	0.259369
747	0.103713	1.04154	0.525993
748	0.100704	1.10461	0.477758
749	0.0699021	0.52534	0.290759
750	0.0753365	0.645739	0.314305
751	0.132084	1.01972	0.381165
752	0.0671191	0.555409	0.282876
753	0.0642586	0.593951	0.305323
754	0.086099	0.799915	0.491398
755	0.0706493	0.559603	0.287188
756	0.0840655	0.645087	0.316657
757	0.0794458	0.638264	0.3184
758	0.0492524	0.550524	0.234197
759	0.0595186	0.57496	0.268598
760	0.189744	2.04985	0.953622
761	0.0646352	0.813111	0.299764
762	0.0668488	0.579081	0.265972
763	0.198987	1.92258	0.87514
764	0.0624144	0.540406	0.246662
765	0.109171	1.0264	0.528564
766	0.27783	1.17786	0.348124
767	0.0453812	0.557585	0.210974
768	0.0649638	0.613944	0.286836
769	0.0914205	0.657357	0.553332
770	0.0616811	0.576042	0.24034
771	0.0599306	0.5736	0.259816
772	0.0848671	0.928303	0.369191
773	0.059666	0.55375	0.32085
774	0.0719055	0.629404	0.290217
775	0.0861012	0.906819	2.13007
776	0.0516077	0.534975	0.226873
777	0.058029	0.554385	0.257147
778	0.256799	1.83919	0.949775
779	0.0725703	0.594428	0.262569
780	0.0659876	0.562096	0.250046
781	0.184414	1.7573	0.857281
782	0.0583926	0.583384	0.240242
783	0.116101	0.976945	0.524346
784	0.0871398	0.542282	0.260905
785	0.0411131	0.518481	0.228167
786	0.0662222	0.586611	0.278817
787	0.0973991	0.582931	0.304147
788	0.0516769	0.54505	0.245919
789	0.0593847	0.560215	0.2608
790	0.0765878	0.570897	0.270914
791	0.0492569	0.606655	0.254781
792	0.0714437	0.592372	0.270512
793	0.0866346	0.583	0.263505
794	0.058697	0.546346	0.305211
795	0.0568495	0.581534	0.257566
796	0.275521	2.06293	0.950663
797	0.0856962	0.645587	0.342357
798	0.0638351	0.635489	0.296723
799	0.191053	1.75897	0.868504
800	0.0627966	0.652846	0.26766
801	0.117658	1.1788	0.530914
802	0.0866865	0.631072	1.15915
803	0.0467138	0.536286	0.207938
804	0.0616368	0.577943	0.276159
805	0.0915035	0.56927	0.396085
806	0.049009	0.553473	0.231203
807	0.058136	0.569464	0.262885
808	0.0931178	0.579802	0.233988
809	0.0459977	0.526329	0.223232
810	0.0685011	0.595703	0.269322
811	0.0848369	0.592135	0.913078
812	0.0466962	0.565432	0.235946
813	0.0547678	0.538988	0.262202
814	0.203727	2.09442	0.948885
815	0.0888547	0.622798	0.410067
816	0.0593961	0.55665	0.269599
817	0.199936	2.03663	0.948489
818	0.104237	0.815026	0.561976
819	0.113227	1.21404	0.643322
820	0.0797834	1.36788	0.310743
821	0.0400475	0.523801	0.198148
822	0.0615954	0.554635	0.258009
823	0.0768299	0.62761	1.06568
824	0.0554749	0.579383	0.230401
825	0.0572143	0.542088	0.249209
826	0.191952	0.592806	0.297485
827	0.0438882	0.534082	0.291155
828	0.0638121	0.563495	0.268107
829	0.153064	1.31467	0.558826
830	0.0552597	0.580658	0.322157
831	0.0604033	0.649857	0.319673
832	0.277765	2.09449	1.03816
833	0.0587907	0.734939	0.31759
834	0.0580605	0.595281	0.362258
835	0.262139	2.08513	0.962998
836	0.108386	0.848207	0.874706
837	0.182834	1.22388	0.647884
838	0.278586	0.917721	0.280926
839	0.0450099	0.510303	0.229917
840	0.060723	0.601794	0.288772
841	0.07601	0.594669	0.553939
842	0.0512273	0.55826	0.341731
843	0.0595044	0.683592	0.352091
844	0.0834791	0.61937	0.354566
845	0.0443846	0.528052	0.239791
846	0.062697	0.59073	0.329392
847	0.0804556	0.551934	0.467635
848	0.0575414	0.56289	0.208386
849	0.0582521	0.569418	0.279378
850	0.277297	2.38677	0.957923
851	0.0804672	0.621253	0.276653
852	0.0620909	0.543559	0.249668
853	0.225283	2.0847	0.961836
854	0.113618	1.38808	0.598555
855	0.154374	1.38684	0.664057
856	0.331078	0.545706	0.252304
857	0.0655304	0.509445	0.26197
858	0.0626052	0.545848	0.266265
859	27.1297	244.995	0.48751
860	0.0587987	0.539365	0.217814
861	0.0566876	0.576593	0.259565
862	2.72787	0.553775	0.295582
863	0.0533037	0.563947	0.213722
864	0.0658549	0.595184	0.244076
865	0.0957705	1.02351	0.478991
866	0.0884839	0.760844	0.3988
867	0.0858314	0.765089	0.393284
868	0.205904	2.06232	0.955645
869	0.0584002	0.587822	0.279016
870	0.0776917	0.718356	0.367782
871	0.204631	2.07614	0.972219
872	0.062555	0.567843	0.279919
873	0.0897903	0.974505	0.505818
874	0.0929108	1.06763	0.473202
875	0.0855428	0.825341	0.382784
876	0.101166	0.877171	0.414913
877	0.101165	1.06695	0.478577
878	0.0994764	0.756456	0.392182
879	0.085085	0.772231	0.373304
880	0.104625	1.00939	0.465798
881	0.106532	0.837782	0.384225
882	0.0944914	0.92058	0.39219
883	0.113905	1.23569	0.815736
884	0.0606235	0.643951	0.251943
885	0.0639031	0.596903	0.263833
886	0.190582	2.05308	0.954766
887	0.0583847	0.667257	0.343179
888	0.0729449	0.632613	0.282804
889	0.128873	2.04737	0.948363
890	0.0614071	0.544591	0.247083
891	0.089347	0.771553	0.394392
892	0.100547	1.27305	0.422221
893	0.0563393	0.556038	0.258917
894	0.0696384	0.673477	0.308415
895	0.150716	1.23591	0.717308
896	0.0730631	0.602682	0.267304
897	0.0639106	0.59133	0.274845
898	0.124048	1.97105	0.760803
899	0.0756165	0.600221	0.287399
900	0.0837854	0.649447	0.320103
901	0.228933	1.95926	0.458916
902	0.0461373	0.667375	0.237477
903	0.0549641	0.537517	0.2442
904	0.204615	2.06064	0.958861
905	0.0699953	0.63863	0.285612
906	0.06597	0.581958	0.273589
907	0.172904	2.05245	0.8675
908	0.0559652	0.589509	0.244892
909	0.0972407	0.984461	0.540062
910	0.097969	0.759839	0.58117
911	0.0494969	0.620229	0.240934
912	0.0619911	0.587175	0.286759
913	0.162421	1.49833	0.628508
914	0.048739	0.546829	0.247665
915	0.0546363	0.537347	0.242942
916	0.126901	1.52586	0.716192
917	0.0486285	0.541318	0.220692
918	0.0696757	0.603331	0.27801
919	0.256434	0.820451	0.46503
920	0.0496109	0.592176	0.255297
921	0.0617383	0.543428	0.231899
922	0.257953	2.05207	0.948487
923	0.0601735	0.624821	0.34667
924	0.0655832	0.590633	0.258192
925	0.173149	1.75597	0.876706
926	0.0531339	0.541702	0.248061
927	0.102366	0.973403	0.526903
928	0.126578	0.650942	0.68577
929	0.057931	0.635369	0.206943
930	0.0691591	0.540801	0.261489
931	0.112143	1.4238	0.352755
932	0.0500841	0.613368	0.240046
933	0.0632019	0.534042	0.236373
934	0.125263	0.994899	0.552796
935	0.0464328	0.507512	0.245955
936	0.0680769	0.587127	0.27276
937	0.273665	0.950152	0.901666
938	0.0426572	0.564794	0.229093
939	0.0535975	0.540394	0.259894
940	0.269299	2.05372	0.956398
941	0.073937	0.597652	0.368736
942	0.0631425	0.560079	0.262944
943	0.278352	2.08711	0.915624
944	0.0574817	0.597277	0.297125
945	0.11145	0.807289	0.534636
946	0.263238	0.581107	1.15483
947	0.0447304	0.665141	0.219568
948	0.0614962	0.543872	0.266125
949	0.135945	1.18384	0.697978
950	0.055524	0.529326	0.293105
951	0.0549105	0.53506	0.227489
952	0.0848802	1.14735	0.649612
953	0.0678359	0.570657	0.194777
954	0.0660472	0.57024	0.265048
955	0.271464	2.01917	1.15467
956	0.0659619	0.532106	0.2201
957	0.0511806	0.535666	0.234965
958	0.275752	2.33798	1.03608
959	0.0661373	0.696417	0.272552
960	0.0627724	0.574263	0.2496
961	0.262032	1.71863	0.728055
962	0.11192	0.886619	0.468442
963	0.112175	1.17695	0.527923
964	0.0784113	0.928605	1.1552
965	0.0535568	0.543734	0.220018
966	0.0617473	0.533345	0.239533
967	0.133125	1.45643	74.1409
968	0.0547496	0.554419	0.290463
969	0.0499191	0.563615	0.229258
970	0.110166	1.21564	0.497296
971	0.0412919	0.625231	0.213674
972	0.0632962	0.592	0.254488
973	0.272012	0.691535	0.272157
974	0.0704781	0.564401	0.249295
975	0.0556624	0.566271	0.232948
976	0.279288	2.0788	1.07381
977	0.0694381	0.664224	0.339021
978	0.0632599	0.581775	0.270173
979	0.278328	2.68647	1.15759
980	0.133508	0.718576	0.565526
981	0.114507	1.2283	0.550829
982	0.278327	2.6764	1.59744
983	0.0559389	0.505507	0.233446
984	0.0578294	0.601802	0.247166
985	0.0983578	107.995	0.395661
986	0.0714536	1.13082	0.222108
987	0.05616	0.630488	0.24738
988	0.0692841	0.833416	0.41192
989	0.0572113	0.573408	0.224236
990	0.063579	0.565199	0.286494
991	0.0760158	0.680312	1.08422
992	0.0562322	0.581945	0.297085
993	0.0519284	0.563653	0.261357
994	0.278944	2.40956	1.05444
995	0.08824	0.865611	0.420955
996	0.0590026	0.613614	0.264661
997	0.278428	2.0976	1.15537
998	0.276855	1.49282	0.962546
999	0.136013	1.35049	0.647927
1000	0.278326	0.588612	0.458759
1001	0.0589021	0.535551	0.224683
1002	0.0623897	0.528219	0.243686
1003	0.999122	793028	39.8041
1004	0.121268	0.578316	0.317533
1005	0.0512203	0.577056	0.258421
1006	0.235551	1.08491	0.605539
1007	0.0464762	0.548217	0.227438
1008	0.0631249	0.569034	0.246596
