# k	cb	gl	xy
1	0.100372	0.0686901	0.060431
2	0.0813957	0.066869	0.0706178
3	0.0833497	0.067787	0.0671105
4	0.152119	0.122868	0.123279
5	0.0887481	0.104382	0.106373
6	0.0908959	0.0706557	0.0731053
7	0.151127	0.127103	0.120618
8	0.0818258	0.0677399	0.0742669
9	0.112062	0.0982949	0.0932906
10	0.117541	0.0768735	0.0698089
11	0.0932133	0.0646803	0.065624
12	0.0886481	0.0634279	0.0655008
13	0.0894974	0.0706777	0.0670086
14	0.0819206	0.06326	0.0687474
15	0.0836509	0.0683925	0.0639186
16	0.100644	0.0613059	0.0653733
17	0.0850431	0.0637478	0.0706296
18	0.0891176	0.0649834	0.0659217
19	0.0878672	0.0773285	0.079665
20	0.0841679	0.0648311	0.0700233
21	0.0980882	0.0806938	0.0727295
22	0.169783	0.12199	0.118555
23	0.0821723	0.11408	0.109154
24	0.110891	0.0960582	0.0925048
25	0.131171	0.124118	0.120696
26	0.101949	0.0824199	0.0814142
27	0.158363	0.145218	0.13242
28	0.117955	0.108867	0.112015
29	0.0821736	0.0568229	0.0624206
30	0.0883945	0.0792998	0.0731566
31	0.094942	0.0743539	0.0889368
32	0.0739103	0.0733289	0.0664747
33	0.0957678	0.081322	0.0724551
34	0.0896067	0.0736079	0.0864391
35	0.0847228	0.0646873	0.067888
36	0.0784343	0.0656094	0.067268
37	0.149259	0.114626	0.0693035
38	0.0908398	0.0669298	0.075884
39	0.111751	0.0809636	0.0783886
40	0.168153	0.124777	0.120432
41	0.0915668	0.108878	0.10714
42	0.102378	0.0867452	0.0864296
43	0.155888	0.124567	0.119697
44	0.102159	0.103979	0.0984204
45	0.166335	0.151302	0.137169
46	0.155936	0.102771	0.0915648
47	0.087784	0.0591422	0.07223
48	0.101281	0.0742579	0.0715337
49	0.097901	0.0662195	0.070828
50	0.0893237	0.063734	0.0717661
51	0.104651	0.0764494	0.0804079
52	0.111453	0.0786783	0.0914999
53	0.0773759	0.0577328	0.0616754
54	0.0784379	0.0530559	0.0582694
55	0.0970081	0.0666458	0.0719653
56	0.0780776	0.0638429	0.0681464
57	0.125235	0.0806426	0.0784794
58	0.168724	0.124685	0.118647
59	0.0790003	0.116973	0.117575
60	0.0989685	0.0817984	0.0807139
61	0.141997	0.124451	0.119226
62	0.114799	0.108196	0.104705
63	0.168961	0.153472	0.138952
64	0.130346	0.0979316	0.100015
65	0.0903923	0.0539973	0.0654397
66	0.0987699	0.0849639	0.0831757
67	0.0810607	0.0738594	0.0725208
68	0.0873303	0.0511685	0.064037
69	0.120292	0.0795789	0.0775577
70	0.119311	0.0708029	0.0650511
71	0.0839337	0.0483697	0.062041
72	0.0871586	0.0537488	0.0596831
73	0.0850979	0.0650487	0.0701752
74	0.0945764	0.070034	0.0853895
75	0.125244	0.0924405	0.0899669
76	0.137406	0.123239	0.118867
77	0.106544	0.110241	0.112121
78	0.124088	0.111162	0.105914
79	0.131285	0.122784	0.119717
80	0.133178	0.118902	0.10956
81	0.172891	0.156928	0.142003
82	0.0899016	0.0836014	0.0809688
83	0.0882938	0.0589658	0.0687991
84	0.123734	0.098947	0.0855506
85	0.078301	0.066043	0.0691949
86	0.0878506	0.0681368	0.0729477
87	0.132977	0.092051	0.0857355
88	0.0882278	0.0650513	0.0808805
89	0.101405	0.0604882	0.0724878
90	0.11709	0.0878785	0.0872167
91	0.0861228	0.0800944	0.0759886
92	0.0865643	0.0555502	0.0701087
93	0.161657	0.142271	0.121751
94	0.156946	0.123872	0.119344
95	0.0872644	0.124621	0.11236
96	0.106324	0.0899441	0.088436
97	0.140863	0.124009	0.118629
98	0.117276	0.116965	0.122921
99	0.169832	0.154158	0.139474
100	0.09053	0.0701448	0.101983
101	0.0987969	0.0609548	0.0657946
102	0.131276	0.0902054	0.0872763
103	0.105558	0.0604662	0.0829664
104	0.0996425	0.0602614	0.0617191
105	0.148343	0.123236	0.11521
106	0.0964566	0.0739798	0.06306
107	0.0993966	0.0515535	0.0642303
108	0.11692	0.092344	0.0863385
109	0.0815127	0.102328	0.0791191
110	0.117979	0.073062	0.0693635
111	0.159793	0.162468	0.148782
112	0.161249	0.123962	0.119328
113	0.110121	0.112344	0.110463
114	0.130395	0.11178	0.102715
115	0.130012	0.125073	0.119663
116	0.159707	0.14677	0.133199
117	0.17531	0.158995	0.143919
118	0.0896897	0.0858788	0.0678681
119	0.100035	0.0785757	0.085235
120	0.1472	0.0963517	0.0949931
121	0.0901138	0.0941112	0.106344
122	0.0762112	0.059074	0.055542
123	0.156528	0.121975	0.112538
124	0.102916	0.0742832	0.0646825
125	0.0912791	0.0625251	0.0818762
126	0.115471	0.0999089	0.0992914
127	0.083946	0.0734086	0.0774501
128	0.103263	0.0682283	0.0602567
129	0.168024	0.149448	0.136567
130	0.144885	0.124511	0.124844
131	0.0920035	0.123657	0.111253
132	0.12786	0.111374	0.105226
133	0.143627	0.124222	0.127589
134	0.15046	0.14225	0.130168
135	0.169836	0.154148	0.139461
136	0.107133	0.103956	0.0974828
137	0.107538	0.0662241	0.0644109
138	0.147685	0.130183	0.12105
139	0.0777396	0.0622154	0.0667554
140	0.0803516	0.0566597	0.057314
141	0.165191	0.130652	0.126119
142	0.10458	0.0805109	0.0691894
143	0.113691	0.0668995	0.0615809
144	0.121124	0.106161	0.104542
145	0.0794215	0.0643403	0.0642337
146	0.0784121	0.0581457	0.0644453
147	0.0776816	0.0635858	0.06737
148	0.153948	0.123969	0.120931
149	0.0936716	0.0873987	0.0897282
150	0.0933635	0.0823488	0.0868238
151	0.145852	0.12461	0.125266
152	0.0850856	0.0555596	0.065213
153	0.10424	0.088452	0.0855872
154	0.0812521	0.0646142	0.0616812
155	0.0970841	0.0637498	0.0577069
156	0.0772476	0.0621115	0.0652231
157	0.0841001	0.0621358	0.055242
158	0.0800109	0.0636603	0.0584872
159	0.0787513	0.0641254	0.0672944
160	0.0813471	0.060027	0.063849
161	0.0797493	0.062741	0.0595294
162	0.0739211	0.0683125	0.0664188
163	0.0898562	0.0739105	0.07988
164	0.0883501	0.0720934	0.0619373
165	0.0819226	0.0625661	0.0696961
166	0.129932	0.122328	0.119536
167	0.086296	0.0936722	0.109068
168	0.084692	0.0644193	0.0704566
169	0.136828	0.122042	0.118409
170	0.0802169	0.0597116	0.0605727
171	0.132488	0.117516	0.109292
172	0.173052	0.0860636	0.0960439
173	0.0833532	0.0646283	0.0627847
174	0.0803465	0.0638155	0.0645444
175	0.0997374	0.0807258	0.0899795
176	0.0812674	0.0745055	0.0676741
177	0.0773343	0.0615677	0.0707152
178	0.0911052	0.101237	0.100323
179	0.0921047	0.0682953	0.0779394
180	0.0772247	0.0582068	0.068681
181	0.0878562	0.0746075	0.0728289
182	0.0871494	0.061952	0.0695277
183	0.0852849	0.0799103	0.0647673
184	0.145975	0.125256	0.119633
185	0.100098	0.0815245	0.0880772
186	0.082824	0.0716646	0.0760743
187	0.130575	0.120026	0.119519
188	0.104701	0.075096	0.080381
189	0.165986	0.150663	0.136753
190	0.103025	0.0631365	0.066492
191	0.0835065	0.0665402	0.0703651
192	0.0878974	0.0764257	0.0709986
193	0.107991	0.0603479	0.0702311
194	0.0931271	0.0634101	0.0662017
195	0.0902687	0.0749767	0.0696776
196	0.0889169	0.0715703	0.0740861
197	0.085078	0.069986	0.0670374
198	0.0830084	0.0608174	0.0601478
199	0.0802481	0.0566743	0.0750255
200	0.0804428	0.0665079	0.0713857
201	0.0820687	0.0762164	0.074637
202	0.143393	0.12626	0.120384
203	0.102127	0.0974268	0.0946822
204	0.0809144	0.0727613	0.0741338
205	0.1293	0.125096	0.118175
206	0.120372	0.10708	0.100754
207	0.169589	0.153969	0.139365
208	0.100236	0.0865515	0.0847045
209	0.0944349	0.0797333	0.0950248
210	0.0990992	0.0785169	0.0711537
211	0.0751334	0.0639717	0.070153
212	0.0916626	0.0604834	0.0626599
213	0.0810428	0.0734793	0.0725864
214	0.0842539	0.0648583	0.0721417
215	0.0825185	0.0593731	0.0646111
216	0.083537	0.0685922	0.0684974
217	0.0950278	0.0616524	0.0744725
218	0.0778423	0.0562083	0.0676083
219	0.0966063	0.0791327	0.0736219
220	0.152623	0.122836	0.120022
221	0.102341	0.098496	0.112907
222	0.0906544	0.0743078	0.0786715
223	0.130602	0.122623	0.119214
224	0.101607	0.0881434	0.0854476
225	0.169677	0.153998	0.139341
226	0.0916735	0.0692716	0.064478
227	0.0887867	0.0617089	0.0712859
228	0.105124	0.0865558	0.0756398
229	0.0756569	0.0714366	0.0733265
230	0.0851274	0.0587586	0.0684685
231	0.0985266	0.0803425	0.0759245
232	0.0840806	0.0669542	0.0630616
233	0.0934403	0.0678988	0.0734928
234	0.0935138	0.0608392	0.0645431
235	0.0852837	0.0600384	0.0610458
236	0.0809767	0.0616031	0.0730965
237	0.0942393	0.0859253	0.0763807
238	0.137092	0.124106	0.12062
239	0.0909396	0.10538	0.117763
240	0.0931369	0.0710804	0.0798611
241	0.13268	0.118242	0.120445
242	0.111659	0.106878	0.107727
243	0.169973	0.15427	0.139568
244	0.087155	0.0733446	0.0756887
245	0.10586	0.0753651	0.0710386
246	0.0968783	0.0909531	0.0829542
247	0.0736562	0.0730481	0.0615725
248	0.0788667	0.0572465	0.0594062
249	0.0997451	0.0867934	0.0762453
250	0.0875018	0.0765922	0.0725151
251	0.110501	0.0663327	0.0683214
252	0.106313	0.0591371	0.0673293
253	0.0852137	0.0587573	0.0793845
254	0.0805234	0.0553619	0.0597926
255	0.0950239	0.0835318	0.0757893
256	0.139434	0.122245	0.120175
257	0.0937894	0.11804	0.0912654
258	0.090134	0.0754499	0.0825096
259	0.137629	0.133899	0.116968
260	0.125285	0.116061	0.111503
261	0.169817	0.15413	0.13944
262	0.0872643	0.0596494	0.0697464
263	0.0953489	0.0599869	0.0787374
264	0.105401	0.0968668	0.0881396
265	0.0832524	0.0584267	0.0636344
266	0.0966225	0.074963	0.0564124
267	0.0983452	0.0877901	0.0754894
268	0.104625	0.0746098	0.0840542
269	0.0945692	0.0634083	0.0724133
270	0.0800873	0.0742836	0.0714622
271	0.0784936	0.0783196	0.0785191
272	0.0739631	0.0631744	0.0658653
273	0.0895671	0.0844209	0.0808468
274	0.150608	0.117761	0.119047
275	0.11651	0.113257	0.102584
276	0.0883951	0.0793246	0.0823655
277	0.140137	0.124107	0.118699
278	0.140455	0.119012	0.110635
279	0.169818	0.154163	0.139487
280	0.107419	0.0674198	0.0696248
281	0.0977769	0.0732324	0.0626698
282	0.122083	0.0950274	0.083717
283	0.0891497	0.0626645	0.0737801
284	0.0900366	0.0739923	0.072204
285	0.0940964	0.0826124	0.0756426
286	0.0979464	0.0605546	0.0822459
287	0.0852596	0.053514	0.0688198
288	0.100991	0.0731604	0.0691614
289	0.0823282	0.0666939	0.0695244
290	0.087429	0.0625014	0.0653012
291	0.0803157	0.0600495	0.0626088
292	0.128252	0.123063	0.120687
293	0.0895151	0.0944244	0.0929769
294	0.0829979	0.0703268	0.0736855
295	0.120934	0.123218	0.123351
296	0.086823	0.0506316	0.0558021
297	0.0940424	0.072403	0.0756102
298	0.0970038	0.0656919	0.0728148
299	0.0816173	0.0630456	0.0670854
300	0.0811582	0.0601199	0.0629056
301	0.0825197	0.0657917	0.0732689
302	0.0857218	0.0608708	0.0653972
303	0.0777636	0.0610438	0.0625209
304	0.0811795	0.0640238	0.0660661
305	0.0926872	0.0586666	0.0597862
306	0.0752128	0.0609542	0.0632242
307	0.0928453	0.0870302	0.0764033
308	0.0770939	0.0621229	0.0659728
309	0.0770807	0.0571562	0.0629607
310	0.147596	0.123862	0.118844
311	0.0922761	0.0912438	0.091941
312	0.0831198	0.060178	0.0713954
313	0.12466	0.125779	0.121033
314	0.0891121	0.0529222	0.0619893
315	0.107109	0.0932818	0.0913951
316	0.0918132	0.0784315	0.0736584
317	0.0855205	0.0761376	0.066139
318	0.0795535	0.0639699	0.0672461
319	0.102682	0.0785141	0.0743467
320	0.0850773	0.0724819	0.0677532
321	0.075012	0.062229	0.0629625
322	0.106228	0.0743799	0.0745619
323	0.0842578	0.0681895	0.0745773
324	0.0746296	0.0597058	0.0705005
325	0.084787	0.0738914	0.0728701
326	0.0826384	0.059488	0.0692752
327	0.0776666	0.0626618	0.0607133
328	0.159171	0.12104	0.120486
329	0.0834105	0.105572	0.109169
330	0.0764012	0.0534565	0.0651099
331	0.130103	0.12283	0.121114
332	0.0760395	0.05658	0.0606538
333	0.128736	0.117182	0.108316
334	0.107213	0.0929032	0.0760321
335	0.08409	0.0768083	0.0804959
336	0.0797538	0.0603921	0.0651962
337	0.0761559	0.0743827	0.0661524
338	0.0883057	0.0594339	0.0647511
339	0.0814604	0.0550027	0.0661372
340	0.0769542	0.070563	0.0665076
341	0.0806429	0.0643984	0.074844
342	0.0794853	0.0552221	0.0643261
343	0.0899435	0.0745049	0.0627611
344	0.0894155	0.0645671	0.0799684
345	0.0802144	0.0723664	0.0760874
346	0.129946	0.12377	0.121452
347	0.0853104	0.0929121	0.0973048
348	0.0802842	0.0540295	0.0606388
349	0.128891	0.122952	0.111264
350	0.0947617	0.054735	0.0681709
351	0.157263	0.14264	0.130993
352	0.0957349	0.0647715	0.0700388
353	0.0833821	0.0632871	0.0734872
354	0.0767941	0.0661559	0.0695287
355	0.0934505	0.0599615	0.0749318
356	0.0746978	0.0620765	0.0692934
357	0.0850662	0.0597559	0.0677639
358	0.0815535	0.0633618	0.0667056
359	0.0827813	0.0748831	0.0746041
360	0.0821016	0.0613668	0.0680245
361	0.0885713	0.0644371	0.0693019
362	0.0787544	0.0622273	0.0669943
363	0.0837847	0.0749128	0.0714821
364	0.137638	0.12399	0.119707
365	0.0795741	0.0846381	0.0994675
366	0.0807852	0.0555454	0.0598249
367	0.132482	0.12274	0.117698
368	0.0887505	0.0866782	0.0901156
369	0.166204	0.151051	0.137108
370	0.106957	0.0850737	0.0708938
371	0.0875298	0.0647721	0.0751365
372	0.082291	0.0732388	0.0718219
373	0.0802054	0.069443	0.0639209
374	0.0816549	0.0701019	0.0626948
375	0.0862314	0.067168	0.0730218
376	0.0943826	0.0665923	0.0758065
377	0.0828703	0.0642677	0.069555
378	0.0797273	0.0607796	0.0653232
379	0.0889439	0.0669646	0.0712925
380	0.0820585	0.0617176	0.0645863
381	0.0924778	0.0582964	0.0594911
382	0.129622	0.118632	0.119002
383	0.0896868	0.092783	0.100334
384	0.0881062	0.0535539	0.0594464
385	0.131159	0.124306	0.119513
386	0.0899303	0.0872706	0.0957718
387	0.16856	0.153058	0.138774
388	0.102088	0.0653261	0.0684202
389	0.0862858	0.0659595	0.0672826
390	0.0933907	0.0635287	0.0647505
391	0.0926966	0.060103	0.0701773
392	0.0910479	0.0681487	0.0623137
393	0.0896021	0.0569137	0.0596756
394	0.102365	0.0723763	0.0692509
395	0.0811557	0.0661966	0.0736168
396	0.0795847	0.054405	0.0628684
397	0.0860459	0.0625249	0.0779288
398	0.098246	0.0572654	0.0635246
399	0.0842126	0.0632345	0.0647517
400	0.126188	0.123533	0.120743
401	0.0804262	0.0989309	0.104275
402	0.0787848	0.0548555	0.0615271
403	0.148167	0.121871	0.117557
404	0.0917026	0.09621	0.100514
405	0.169461	0.15384	0.13927
406	0.104293	0.0702771	0.0747921
407	0.0884056	0.0590067	0.0610447
408	0.0903026	0.0718353	0.0677282
409	0.0785049	0.0681127	0.0634017
410	0.0931521	0.0568559	0.0647108
411	0.0905629	0.0625088	0.0622079
412	0.0838883	0.0741671	0.0728215
413	0.0959501	0.0709402	0.0719258
414	0.0801175	0.0549919	0.0598442
415	0.0923206	0.0624738	0.0676702
416	0.0763051	0.0601934	0.0654207
417	0.103467	0.0628408	0.0627241
418	0.156482	0.119842	0.12052
419	0.0925521	0.0910574	0.090534
420	0.0854326	0.0558474	0.0619227
421	0.137812	0.123872	0.119615
422	0.106252	0.113341	0.107217
423	0.169762	0.15411	0.139444
424	0.110517	0.0776529	0.0894354
425	0.0921598	0.0617057	0.0654673
426	0.080647	0.0771075	0.071839
427	0.0955866	0.0646557	0.0760053
428	0.0932836	0.0662314	0.0690743
429	0.101628	0.0639604	0.0586631
430	0.0854105	0.0733473	0.0677966
431	0.0953526	0.0650565	0.0745947
432	0.0849551	0.0599952	0.0662633
433	0.0847507	0.0663145	0.0695479
434	0.082448	0.0583512	0.0624049
435	0.0804804	0.0579441	0.0592303
436	0.135972	0.127054	0.123322
437	0.090164	0.0650305	0.072528
438	0.0820443	0.0662778	0.0753002
439	0.125509	0.135421	0.127655
440	0.0761469	0.0548356	0.0641055
441	0.086656	0.072819	0.0800131
442	0.078607	0.0729292	0.068847
443	0.0908052	0.0606529	0.0667493
444	0.086318	0.0583838	0.0635382
445	0.087496	0.0658816	0.0658939
446	0.0801748	0.0585898	0.0647435
447	0.0804776	0.0575855	0.0599309
448	0.088305	0.0729594	0.0642546
449	0.0811114	0.0590475	0.069731
450	0.0785085	0.0626242	0.0658577
451	0.0905281	0.0802498	0.0696537
452	0.092072	0.066064	0.0669464
453	0.0795998	0.0563112	0.0645634
454	0.129648	0.12272	0.121831
455	0.0893636	0.0790794	0.113353
456	0.0809958	0.0568597	0.0646905
457	0.131625	0.11865	0.119247
458	0.0794938	0.0476626	0.0574894
459	0.0927731	0.0702604	0.0717977
460	0.0947507	0.091203	0.0810932
461	0.0893682	0.0725737	0.0763152
462	0.0819248	0.0800287	0.0738352
463	0.0984642	0.0794726	0.0779293
464	0.0832308	0.0700913	0.0740243
465	0.0766044	0.0569876	0.0644266
466	0.092217	0.0823238	0.0862444
467	0.0784086	0.073421	0.0791577
468	0.0779827	0.061956	0.0672887
469	0.0839656	0.0713891	0.073739
470	0.082289	0.0644947	0.0661791
471	0.0842709	0.0570567	0.0623379
472	0.13428	0.121387	0.119634
473	0.0775395	0.0845735	0.110387
474	0.0836113	0.0558255	0.0631979
475	0.129332	0.123482	0.119467
476	0.0828457	0.0533024	0.0622941
477	0.0960667	0.0896729	0.0855751
478	0.107042	0.0870808	0.0614451
479	0.0918273	0.0641392	0.0669747
480	0.0816632	0.0611195	0.0649443
481	0.0924446	0.065819	0.0710067
482	0.0850643	0.0590203	0.0666541
483	0.0795029	0.0557103	0.063667
484	0.119542	0.0774795	0.0752487
485	0.0811807	0.0828124	0.0763662
486	0.0787694	0.0613499	0.0701458
487	0.0871059	0.0782454	0.0713228
488	0.0790368	0.0638328	0.06997
489	0.0810952	0.0564032	0.059736
490	0.143865	0.125684	0.115512
491	0.0934336	0.0735217	0.0919624
492	0.0826737	0.0544863	0.0666636
493	0.128092	0.123423	0.119219
494	0.0903308	0.0608205	0.0638264
495	0.0979993	0.0853117	0.0878247
496	0.135834	0.0675712	0.0961905
497	0.0799556	0.0662329	0.063584
498	0.084306	0.0595997	0.0659376
499	0.0948973	0.0747977	0.0750763
500	0.0828431	0.0630803	0.0668202
501	0.0799429	0.0576987	0.0580102
502	0.0951655	0.0852942	0.0840944
503	0.0859826	0.079457	0.075814
504	0.07614	0.058744	0.0654825
505	0.0841714	0.0599398	0.0708575
506	0.0796598	0.062514	0.0725863
507	0.0788921	0.0570161	0.0600229
508	0.133265	0.12214	0.11896
509	0.0904973	0.0882782	0.101758
510	0.0904296	0.0575921	0.0728974
511	0.132636	0.123811	0.11874
512	0.0910238	0.0618104	0.0854277
513	0.114791	0.089267	0.0899761
514	0.118798	0.074603	0.0815003
515	0.0908868	0.0642711	0.0693682
516	0.0885327	0.065734	0.0662915
517	0.0750699	0.0615766	0.0705657
518	0.0816647	0.0637451	0.0650438
519	0.0790187	0.0590587	0.0594794
520	0.0931253	0.078287	0.0666121
521	0.0921641	0.0732009	0.0831895
522	0.076579	0.0622856	0.069703
523	0.117064	0.0606054	0.0616648
524	0.0792257	0.0666133	0.0646661
525	0.0838674	0.0532124	0.0595743
526	0.142447	0.121362	0.120708
527	0.0898704	0.0743669	0.0840134
528	0.0973161	0.0572564	0.0617661
529	0.130106	0.123518	0.118216
530	0.0898937	0.0801222	0.0853865
531	0.121521	0.0967177	0.097385
532	0.136038	0.0712742	0.0713426
533	0.0863274	0.0674465	0.0681477
534	0.0859955	0.063863	0.0665808
535	0.30833	16.7693	0.315176
536	0.073437	0.0637383	0.067392
537	0.0796371	0.0530527	0.0561726
538	0.117078	0.062981	0.067867
539	0.0935045	0.0721954	0.0775154
540	0.0759725	0.0566653	0.0624192
541	0.110146	0.0721494	0.0617592
542	0.0862946	0.0625955	0.0653763
543	0.0851965	0.0556226	0.0580663
544	0.159195	0.123912	0.120946
545	0.0778088	0.109336	0.0860426
546	0.0917886	0.0565175	0.0635204
547	0.152864	0.124694	0.117981
548	0.0921655	0.0909786	0.0831827
549	0.129552	0.111799	0.100788
550	0.100383	0.0703159	0.100877
551	0.0956491	0.059526	0.0629492
552	0.0976976	0.0643236	0.069578
553	0.589057	0.0580052	0.070779
554	0.0901357	0.0606525	0.0667008
555	0.0742133	0.0553416	0.0592869
556	0.0995147	0.10242	0.0614769
557	0.0840115	0.0691724	0.0801402
558	0.0769881	0.0610934	0.0620016
559	0.113655	0.0728485	0.0775513
560	0.0823215	0.0607785	0.0629836
561	0.108585	0.05611	0.0562708
562	0.16977	0.128679	0.127261
563	0.0938958	0.0825588	0.0799061
564	0.100041	0.0547025	0.0620491
565	0.148667	0.12429	0.119474
566	0.104537	0.0962669	0.100868
567	0.133958	0.119196	0.110593
568	0.118678	0.0828359	0.105327
569	0.092439	0.0593857	0.0683894
570	0.0934119	0.0657221	0.0701402
571	59.5884	0.530478	0.116765
572	0.0814957	0.061614	0.0679671
573	0.0971513	0.0581062	0.0570678
574	0.113737	0.0969135	0.0903282
575	0.0823616	0.0616927	0.0754884
576	0.0771923	0.0593932	0.0692894
577	0.0850855	0.0656452	0.0651182
578	0.0844927	0.0593546	0.0687007
579	0.0805234	0.0565712	0.0578808
580	0.161737	0.12262	0.119675
581	0.0945916	0.0608498	0.0754581
582	0.08251	0.0658715	0.0776579
583	0.132505	0.13034	0.126632
584	0.080224	0.0555451	0.0595896
585	0.0856655	0.0734276	0.0794959
586	0.0892474	0.0688764	0.0667919
587	0.0964866	0.068485	0.0787851
588	0.0857312	0.0574564	0.0644304
589	0.0833379	0.0647117	0.0657122
590	0.087867	0.0616542	0.0714177
591	0.0808491	0.0567999	0.0581599
592	0.085083	0.0698467	0.0656507
593	0.0974848	0.0578825	0.0601772
594	0.0763173	0.0597019	0.0644522
595	0.084361	0.0798294	0.0803427
596	0.0802892	0.0725447	0.0659126
597	0.0783025	0.0547828	0.0593836
598	0.14347	0.120606	0.125158
599	0.0883903	0.0864202	0.109811
600	0.0808309	0.0642336	0.0639017
601	0.135549	0.125481	0.111289
602	0.0779084	0.054399	0.0623617
603	0.089669	0.0683464	0.0722902
604	0.0902501	0.0747776	0.081331
605	0.0918552	0.0734236	0.0744269
606	0.0880531	0.0792064	0.0741373
607	0.082046	0.0761605	0.0805561
608	0.0802198	0.0673086	0.0702885
609	0.0791011	0.0554346	0.0603405
610	0.111753	0.088494	0.0896598
611	0.0836198	0.0716915	0.0843289
612	0.0817279	0.0626496	0.0679605
613	0.0916935	0.0753499	0.0722571
614	0.0787551	0.0643793	0.0721752
615	0.0773713	0.0552799	0.0559106
616	0.145653	0.12391	0.121401
617	0.088062	0.0854477	0.0735761
618	0.0839177	0.0603067	0.0648667
619	0.138354	0.122999	0.110996
620	0.0798805	0.0560488	0.0653367
621	0.0946843	0.0675585	0.0705336
622	0.081668	0.0811695	0.0804715
623	0.0854806	0.06847	0.0646147
624	0.0810451	0.0649682	0.0694052
625	0.0787146	0.0748125	0.0767306
626	0.0845225	0.0647419	0.0686391
627	0.0761614	0.0535577	0.0573552
628	0.0924875	0.0767677	0.0726625
629	0.0828545	0.0715293	0.074204
630	0.076883	0.0610779	0.0686757
631	0.0818691	0.0755267	0.0686607
632	0.0866885	0.0637121	0.0685376
633	0.0777996	0.0579177	0.0612538
634	0.135993	0.123807	0.118684
635	0.0881845	0.0904911	0.0926065
636	0.0904282	0.0628342	0.0702231
637	0.129547	0.121005	0.121149
638	0.0901277	0.0628548	0.0722405
639	0.0943549	0.0764835	0.0776759
640	0.108503	0.0758252	0.0733038
641	0.0895343	0.0628308	0.0682202
642	0.0893938	0.0630681	0.0752685
643	0.0795651	0.0833907	0.0819562
644	0.0799424	0.0645207	0.0674487
645	0.0769659	0.0581719	0.0612746
646	0.0878781	0.0868238	0.0839013
647	0.0930651	0.0718563	0.077127
648	0.0750482	0.061779	0.0682794
649	0.095833	0.0729433	0.0686972
650	0.0805946	0.0591949	0.0654936
651	0.0741559	0.0616874	0.0600599
652	0.147763	0.128967	0.116826
653	0.0869598	0.0702966	0.0948074
654	0.0908099	0.0628575	0.084001
655	0.117446	0.125401	0.11729
656	0.0882573	0.0622474	0.0819237
657	0.0883209	0.0824938	0.0872377
658	0.105683	0.0724092	0.0915288
659	0.0907304	0.0640584	0.0660242
660	0.0850883	0.0636878	0.0675956
661	0.134286	0.0675308	0.131596
662	0.0826025	0.0640821	0.0682055
663	0.0748618	0.061017	0.0582694
664	0.0815007	0.0798912	0.0736379
665	0.0870595	0.0701629	0.0722055
666	0.0780768	0.0644948	0.0674072
667	0.104392	0.0692468	0.0717769
668	0.0857986	0.0663163	0.0661427
669	0.0768174	0.0557827	0.0585475
670	0.157822	0.124754	0.122224
671	0.0980209	0.0798748	0.0771652
672	0.0930893	0.0602449	0.0760743
673	0.129888	0.121377	0.122796
674	0.0917927	0.086233	0.0911882
675	0.116855	0.0870886	0.0927756
676	0.143415	0.0634018	0.0857159
677	0.0973817	0.0602601	0.0651229
678	0.0845489	0.0606794	0.0707428
679	0.209172	0.0634466	0.512853
680	0.0798718	0.0651954	0.0733952
681	0.0753047	0.0552029	0.0579689
682	0.0852187	0.0804535	0.0807017
683	0.0919269	0.0735121	0.0799932
684	0.0786809	0.0620902	0.0697846
685	0.111914	0.0823647	0.0816543
686	0.0859862	0.0624002	0.061034
687	0.0834059	0.0559575	0.0584952
688	0.166948	0.125217	0.118696
689	0.0950007	0.0902438	0.0698658
690	0.0987244	0.0608281	0.0651924
691	0.143029	0.124137	0.120547
692	0.0908185	0.0905631	0.0935487
693	0.130257	0.0921252	0.0942016
694	0.126502	0.0820258	0.104732
695	0.0934879	0.0645231	0.064613
696	0.0937756	0.0666431	0.0707831
697	0.120728	0.768345	3.60508
698	0.0863598	0.0583529	0.0595897
699	0.0798305	0.0550575	0.0564142
700	0.11045	0.0653561	0.142699
701	0.0863292	0.0682433	0.0760172
702	0.075133	0.0576982	0.0682624
703	0.103892	0.0729268	0.0795662
704	0.0784319	0.0636483	0.0706055
705	0.0891856	0.0574881	0.0574562
706	0.169804	0.125918	0.122983
707	0.094202	0.0802631	0.0767256
708	0.0996391	0.0666548	0.0686949
709	0.15489	0.125058	0.119269
710	0.117067	0.103831	0.0982173
711	0.129113	0.108314	0.109055
712	0.110015	0.112444	0.116915
713	0.0960273	0.0764253	0.0722072
714	0.0857885	0.0618305	0.073038
715	80.4819	0.324732	153.46
716	0.0725993	0.0605615	0.0641216
717	0.0884376	0.0581392	0.0581815
718	0.505367	0.0695367	0.066143
719	0.0953673	0.0665758	0.0767222
720	0.0780704	0.0644092	0.0736053
721	0.0812874	0.0879539	0.0827756
722	0.0806091	0.064475	0.0691316
723	0.0810631	0.0573035	0.057909
724	0.135245	0.125955	0.129481
725	0.0901107	0.06033	0.0761794
726	0.0804704	0.0674402	0.0805681
727	0.136557	0.13559	0.123861
728	0.0809647	0.0585155	0.0677655
729	0.0836674	0.0733833	0.080956
730	0.0793562	0.0631871	0.0620539
731	0.0851867	0.071817	0.0711346
732	0.0831848	0.0583913	0.0594026
733	0.0800923	0.0888752	0.0829051
734	0.082864	0.0673345	0.0796671
735	0.0805423	0.0565703	0.0578612
736	0.0810844	0.0652473	0.06367
737	0.0847387	0.0687398	0.0671272
738	0.0790179	0.0563763	0.0639448
739	0.0828268	0.0822165	0.0819387
740	0.0779265	0.0652056	0.0728005
741	0.0781514	0.0575771	0.0630648
742	0.140469	0.131396	0.118376
743	0.0867393	0.100279	0.0861767
744	0.0781208	0.061829	0.0662318
745	0.129633	0.118042	0.11308
746	0.0825945	0.0555365	0.0650364
747	0.0866453	0.0666941	0.0721038
748	0.0824332	0.07366	0.0739739
749	0.0900522	0.0622778	0.0752798
750	0.0870032	0.0808242	0.0772509
751	0.0921988	0.0761806	0.103624
752	0.0835132	0.0661988	0.0712498
753	0.0787654	0.0576904	0.0607804
754	0.0957689	0.0761826	0.0826654
755	0.0855338	0.0751813	0.0762249
756	0.0786767	0.0615673	0.0670641
757	0.126335	0.0678682	0.0796341
758	0.0831928	0.0644746	0.0725306
759	0.0763314	0.0586934	0.0640462
760	0.144412	0.125651	0.123608
761	0.089382	0.0940799	0.0927865
762	0.0853697	0.0635967	0.0703647
763	0.132894	0.122166	0.121537
764	0.0850613	0.0599628	0.0726033
765	0.0880403	0.0662881	0.0700176
766	0.155148	0.116522	0.0732311
767	0.0892241	0.0608838	0.0689348
768	0.0846148	0.0739026	0.0704189
769	0.130146	0.0782312	0.0717566
770	0.0819774	0.068172	0.0690137
771	0.0769211	0.0597943	0.0686773
772	0.0956072	0.104695	0.0866655
773	0.0870967	0.0778796	0.0761683
774	0.0758148	0.0629728	0.0703925
775	0.0926581	0.0857907	0.0698676
776	0.0791899	0.0693964	0.0720848
777	0.0770883	0.0580524	0.0616533
778	0.139325	0.127359	0.123725
779	0.0903688	0.0658161	0.0859543
780	0.0858924	0.0672855	0.0782226
781	0.13115	0.124094	0.122753
782	0.0861666	0.0683806	0.070418
783	0.0878513	0.0690399	0.0695003
784	0.148085	0.103129	0.0782352
785	0.091968	0.0653054	0.0726961
786	0.086722	0.076106	0.0729666
787	0.087416	0.0952261	0.125124
788	0.0835962	0.065239	0.0731677
789	0.0742679	0.0597575	0.0611298
790	0.106602	0.103913	0.0717867
791	0.0875718	0.0768862	0.0820137
792	0.0771089	0.066693	0.0723358
793	0.0853755	0.0756581	0.0908251
794	0.0817946	0.0644063	0.0688649
795	0.0775789	0.0580738	0.0655809
796	0.140348	0.128119	0.119994
797	0.0978182	0.0770867	0.10392
798	0.0946847	0.067223	0.0792165
799	0.130174	0.121169	0.113417
800	0.0911882	0.0723803	0.0772501
801	0.0877409	0.0824712	0.0829757
802	0.142893	0.0669887	0.0667692
803	0.0910919	0.062325	0.0688804
804	0.0884198	0.0681526	0.073541
805	5.1294	0.0903065	0.378569
806	0.0837985	0.0662943	0.0700491
807	0.074023	0.0572641	0.0617957
808	0.0898102	0.0806939	0.0786231
809	0.0898451	0.0759068	0.0766524
810	0.0788929	0.0648729	0.0700255
811	0.128972	0.0692022	0.0643264
812	0.0857079	0.0632752	0.0728478
813	0.0739265	0.0544717	0.0615374
814	0.167387	0.131206	0.125941
815	0.0936628	0.0660846	0.0809231
816	0.0912219	0.0670787	0.0822415
817	0.131155	0.123095	0.119011
818	0.0934912	0.0797116	0.0924296
819	0.126195	0.0840132	0.0906687
820	0.15095	0.129811	0.111957
821	0.0901998	0.0609644	0.0653757
822	0.0882755	0.0669253	0.0709324
823	31.387	0.19161	0.156688
824	0.0813934	0.0626223	0.0695742
825	0.0742355	0.0573851	0.0585781
826	1.0508	0.0877488	0.0679515
827	0.0898639	0.0636457	0.0743487
828	0.075985	0.0635021	0.0719112
829	0.138234	0.0714966	0.0915443
830	0.0884575	0.0624831	0.070417
831	0.0786208	0.0551554	0.0591526
832	0.160091	0.122636	0.124173
833	0.100388	0.0815962	0.0785958
834	0.101178	0.0618497	0.0701893
835	0.144026	0.124673	0.122211
836	0.107053	0.0784803	0.0955558
837	0.131277	0.0890065	0.0897489
838	0.16827	0.0570424	0.0992426
839	0.0982443	0.0632617	0.0651368
840	0.0936153	0.0643089	0.0702968
841	0.319009	12.0016	0.59729
842	0.0962189	0.0584876	0.0680878
843	0.0803485	0.0571421	0.0599526
844	0.105288	0.0672077	0.571199
845	0.0928803	0.0684308	0.080714
846	0.0795838	0.0592983	0.0674215
847	0.12088	0.0816811	0.0911632
848	0.0833121	0.0598726	0.0627059
849	0.084824	0.0545357	0.0570929
850	0.168855	0.124739	0.121916
851	0.0784331	0.0929378	0.0937362
852	0.0997432	0.0639328	0.0814413
853	0.156191	0.133	0.124752
854	0.11739	0.114992	0.0975239
855	0.126283	0.10005	0.0991966
856	0.166563	0.095929	0.126769
857	0.0937677	0.0627563	0.0699777
858	0.0902382	0.0587454	0.0694796
859	171.54	43.1864	5.62526
860	0.0780854	0.0644214	0.074704
861	0.0849325	0.0562643	0.0565087
862	0.72646	0.0848452	0.0712674
863	0.08668	0.0622454	0.0742183
864	0.077981	0.0608629	0.0693484
865	0.0848167	0.0738507	0.0797062
866	0.0859624	0.0571912	0.0607261
867	0.0865706	0.0560581	0.0591876
868	0.116283	0.122254	0.123091
869	0.0990751	0.0724492	0.0734734
870	0.0821369	0.0712881	0.086667
871	0.133031	0.122427	0.122453
872	0.0820011	0.0596809	0.069145
873	0.0829442	0.0756642	0.0817957
874	0.0907768	0.0684151	0.0688767
875	0.0888282	0.061864	0.0614639
876	0.0829881	0.0588255	0.0628934
877	0.0822033	0.0740346	0.0761326
878	0.083399	0.0571248	0.0616017
879	0.0849304	0.0557096	0.0589963
880	0.0867405	0.068114	0.069614
881	0.0867617	0.0646304	0.0616678
882	0.0776008	0.0547287	0.0625217
883	0.0943264	0.133147	0.0870428
884	0.0830177	0.0680198	0.0742807
885	0.0794404	0.0591315	0.0619734
886	0.138654	0.136535	0.117421
887	0.0897977	0.0758696	0.0787694
888	0.0832923	0.0695489	0.0756801
889	0.129234	0.127169	0.121851
890	0.0836852	0.058677	0.0669107
891	0.0820839	0.0616087	0.0702225
892	0.0824044	0.0709031	0.06976
893	0.0848572	0.079178	0.079219
894	0.0863056	0.0823811	0.0767785
895	0.134082	0.092694	0.0815619
896	0.0834436	0.0693488	0.0727716
897	0.0790174	0.0562936	0.0612604
898	0.221023	0.0928217	0.0838245
899	0.081002	0.0853325	0.0803788
900	0.0798814	0.0612453	0.0660046
901	0.108677	0.129401	0.102987
902	0.0861265	0.0658756	0.0732669
903	0.0795965	0.0623733	0.0633686
904	0.166634	0.140854	0.153875
905	0.0901517	0.0724024	0.0820225
906	0.0871622	0.0643936	0.0789731
907	0.131516	0.130916	0.114696
908	0.084581	0.0640845	0.0690804
909	0.0844259	0.0651917	0.0715394
910	0.188455	0.09365	0.0989081
911	0.0897259	0.0694852	0.0701649
912	0.0897966	0.100899	0.08565
913	0.120473	0.154589	0.0869962
914	0.0816254	0.0741071	0.0780337
915	0.0782671	0.0627157	0.0603798
916	0.111992	0.147867	0.104504
917	0.0884066	0.0920229	0.0843333
918	0.0778237	0.0644775	0.0682231
919	0.169106	0.119422	0.114239
920	0.0821138	0.0581529	0.0676753
921	0.0769265	0.0617412	0.0637896
922	0.141106	0.140475	0.133946
923	0.0813611	0.0781728	0.0766646
924	0.0947384	0.066183	0.0788852
925	0.135167	0.1165	0.124683
926	0.0864534	0.0736689	0.0815204
927	0.0913697	0.0673316	0.0727957
928	0.138893	0.115539	0.0824796
929	0.0940275	0.0645013	0.0663619
930	0.091847	0.11824	0.0987824
931	0.193462	0.109332	1.9238
932	0.0823923	0.0605511	0.0682835
933	0.0792265	0.0605241	0.0622169
934	0.118919	0.0974572	0.279505
935	0.085931	0.0704866	0.0765221
936	0.0801809	0.068688	0.067919
937	0.131734	0.117767	0.124078
938	0.0754648	0.0602584	0.0766032
939	0.0758031	0.0589531	0.0694984
940	0.172535	0.131098	0.122035
941	0.0799463	0.0784084	0.0787592
942	0.092132	0.0658932	0.0767792
943	0.169975	0.124491	0.118034
944	0.0845263	0.0672855	0.0942671
945	0.0922692	0.0663434	0.0744437
946	0.125261	0.11879	0.10998
947	0.0999321	0.068794	0.0775401
948	0.0844101	0.111841	0.0888031
949	1.62904	14.7008	0.0780689
950	0.0794235	0.0604384	0.0695381
951	0.0721636	0.0612707	0.0657095
952	0.142233	0.121481	0.103622
953	0.0863449	0.0693485	0.0781954
954	0.0777264	0.0683201	0.07154
955	0.13506	0.113503	0.127277
956	0.0784529	0.0624985	0.0648625
957	0.0790686	0.0631167	0.0620175
958	0.160607	0.12443	0.123853
959	0.0884673	0.0748537	0.0845027
960	0.0922248	0.0672341	0.0819553
961	0.147414	0.123469	0.12731
962	0.100531	0.0957465	0.102558
963	0.0871332	0.0815802	0.0850499
964	0.150449	0.128939	0.113876
965	0.0882794	0.0693491	0.0721273
966	0.0904463	0.116376	0.0865584
967	1.37139	1.10818	13.9323
968	0.0827163	0.0621533	0.0751246
969	0.0757603	0.0613479	0.0623955
970	0.56188	0.110007	0.141411
971	0.0955047	0.0674634	0.0772586
972	0.076386	0.062841	0.0737925
973	0.13556	0.132451	0.125587
974	0.0949033	0.0605822	0.0653424
975	0.075889	0.0618684	0.062298
976	0.177045	0.137355	0.120233
977	0.0776263	0.07893	0.0792384
978	0.0905396	0.0674382	0.0783742
979	0.170026	0.154491	0.139653
980	0.111246	0.0986041	0.0933151
981	0.127004	0.0879084	0.0947545
982	0.170405	0.146683	26.2413
983	0.0974494	0.0765979	0.0698483
984	0.0967374	0.108606	0.0909558
985	242.583	0.096549	0.0751414
986	0.102667	0.0617598	0.0662609
987	0.0772983	0.0631181	0.060281
988	0.310028	0.0883874	0.905853
989	0.0936206	0.0638047	0.0752204
990	0.0795286	0.0673795	0.0729684
991	0.138973	0.114054	0.132652
992	0.0962596	0.0635702	0.0750736
993	0.0769112	0.0551856	0.0582928
994	0.174499	0.140385	0.142444
995	0.090919	0.0814223	0.0837001
996	0.0920181	0.064543	0.0787294
997	0.169756	0.154394	0.139659
998	0.134421	0.114546	0.105099
999	0.126186	0.108349	0.0965582
1000	0.170481	0.153964	0.20089
1001	0.101948	0.0657435	0.0671821
1002	0.107836	0.0882682	0.076647
1003	954.402	12.0848	0.10682
1004	0.0845332	0.0582355	0.0667764
1005	0.0813749	0.0585201	0.0569072
1006	0.125073	0.124016	0.120592
1007	0.0885759	0.0673154	0.0761155
1008	0.0793678	0.0626144	0.0731344
