# k	cb	gl	xy
1	0.0609274	0.0693127	0.0740951
2	0.0585545	0.0634066	0.0542641
3	0.0689934	0.0537488	0.0587503
4	0.121546	0.117843	0.114132
5	0.0515045	0.112486	0.0964499
6	0.0686675	0.0614992	0.0650814
7	0.0984122	0.11905	0.115016
8	0.0554024	0.0492194	0.0499511
9	0.095061	0.0865586	0.0846629
10	0.059803	0.0847294	0.0713678
11	0.05837	0.0502422	0.0519061
12	0.0643194	0.053767	0.0533759
13	0.0572755	0.070684	0.0592619
14	0.0644482	0.0501356	0.0570816
15	0.0673373	0.0545166	0.0586376
16	0.0566688	0.0585794	0.053734
17	0.060749	0.0513067	0.0473925
18	0.0716208	0.0513766	0.0505776
19	0.0570977	0.0477652	0.0465165
20	0.0538996	0.0398316	0.0426838
21	0.0881512	0.0680701	0.0634395
22	0.159832	0.117679	0.114268
23	0.0503636	0.117934	0.0851455
24	0.0920249	0.0843723	0.0817465
25	0.124015	0.119057	0.113793
26	0.0540991	0.0898842	0.112968
27	0.155258	0.142319	0.129337
28	0.0523031	0.0576001	0.05265
29	0.0470482	0.0386025	0.0451566
30	0.0662964	0.0667045	0.0627487
31	0.051645	0.0490554	0.041778
32	0.0538141	0.0403517	0.0444321
33	0.0681138	0.0679875	0.0633842
34	0.0612119	0.0612507	0.0687579
35	0.0543741	0.0378094	0.0395595
36	0.058055	0.0495948	0.0526075
37	0.158247	0.104537	0.104641
38	0.0505091	0.0384297	0.038945
39	0.0634668	0.0677984	0.0638367
40	0.161709	0.133549	0.123927
41	0.0498468	0.0893399	0.0540644
42	0.0798506	0.0735737	0.0695723
43	0.157705	0.109101	0.113659
44	0.0561144	0.0690383	0.0754981
45	0.164428	0.149623	0.135396
46	0.075004	0.068703	0.0640911
47	0.0449645	0.0353976	0.0376736
48	0.0605479	0.0488407	0.0630851
49	0.0491972	0.0509043	0.0527286
50	0.0416409	0.0380639	0.0385456
51	0.0739892	0.0604247	0.0636424
52	0.0493325	0.0775432	0.0493994
53	0.0445981	0.0369625	0.0370732
54	0.0595892	0.0453778	0.0497572
55	0.137752	0.0522971	0.0518322
56	0.0515974	0.0370902	0.0432949
57	0.0849752	0.0640918	0.0649379
58	0.124185	0.117669	0.114733
59	0.0571497	0.102425	0.0937724
60	0.0743133	0.0689219	0.0673988
61	0.124246	0.117017	0.113596
62	0.0595423	0.0745076	0.0759368
63	0.16751	0.152052	0.137519
64	0.0491463	0.0351207	0.0462051
65	0.0397985	0.0344891	0.0332441
66	0.0739615	0.0578447	0.0649352
67	0.0681446	0.0619954	0.0474215
68	0.045616	0.0426066	0.0358449
69	0.0781698	0.0691468	0.0675268
70	0.0581248	0.0344115	0.038725
71	0.0526948	0.0368561	0.042894
72	0.0600308	0.0444805	0.0467263
73	0.0552299	0.079362	0.0513578
74	0.0454977	0.0337656	0.0401305
75	0.108868	0.0818388	0.0728446
76	0.168109	0.116963	0.1136
77	0.0676752	0.119053	0.0891133
78	0.105612	0.0935663	0.0887181
79	0.150345	0.104151	0.115033
80	0.115182	0.105876	0.0887169
81	0.171382	0.155457	0.140505
82	0.0728941	0.0350652	0.0615308
83	0.0490353	0.03364	0.0348762
84	0.108152	0.0802923	0.0713219
85	0.0521743	0.0777409	0.0355446
86	0.0494125	0.0342779	0.0370523
87	0.124675	0.0824579	0.0739542
88	0.0821535	0.0433345	0.0431608
89	0.0457499	0.0344836	0.0339481
90	0.0882596	0.0701532	0.0685766
91	0.0511913	0.0452737	0.10161
92	0.0602765	0.0381726	0.0356947
93	0.151054	0.13586	0.126765
94	0.121116	0.133561	0.123936
95	0.0713926	0.106065	0.0881154
96	0.0911909	0.0849421	0.0817349
97	0.124173	0.11907	0.113751
98	0.0737507	0.119106	0.108493
99	0.168576	0.152849	0.13815
100	0.051503	0.0559205	0.0332943
101	0.0448733	0.041171	0.0465352
102	0.125131	0.0745585	0.0705527
103	0.0508181	0.058262	0.0444339
104	0.0524094	0.0380185	0.0411021
105	0.137937	0.116088	0.111626
106	0.0467827	0.0330536	0.0302418
107	0.0411356	0.0352174	0.0342866
108	0.0925911	0.0866228	0.0766832
109	0.0492185	0.078804	0.0531501
110	0.0505197	0.0596082	0.0380399
111	0.179228	0.156344	0.147252
112	0.116825	0.13355	0.123952
113	0.0617922	0.0890434	0.0631654
114	0.114094	0.103264	0.0960414
115	0.124234	0.119055	0.115017
116	0.148905	0.132187	0.121575
117	0.173694	0.15755	0.142417
118	0.0459649	0.0402984	0.0489363
119	0.0483222	0.060728	0.0416835
120	0.121292	0.089283	0.0865538
121	0.0540726	0.0549334	0.045546
122	0.0384247	0.0522723	0.0403033
123	0.176559	0.104274	0.111292
124	0.0448376	0.0343076	0.0445358
125	0.038464	0.0335802	0.0331745
126	0.0998462	0.0853226	0.0824856
127	0.150972	0.0392327	0.0536354
128	0.0774582	0.0578486	0.0435818
129	0.167657	0.139477	0.126373
130	0.156098	0.117772	0.114294
131	0.0719426	0.103603	0.097125
132	0.0946994	0.090785	0.0874209
133	0.124466	0.119056	0.114914
134	0.111954	0.106817	0.0997117
135	0.16858	0.15285	0.138151
136	0.0476265	0.038738	0.0335271
137	0.0537739	0.0371813	0.047011
138	0.126689	0.125025	0.11664
139	0.0453918	0.0318831	0.0349088
140	0.0529698	0.036199	0.0391708
141	0.161867	0.105852	0.107995
142	0.107081	0.034917	0.0311085
143	0.0402468	0.0481368	0.0316532
144	0.0821264	0.0884646	0.0883159
145	0.0588858	0.0572154	0.054595
146	0.0528127	0.0435824	0.0457497
147	0.0555804	0.0504263	0.0508404
148	0.156555	0.117121	0.114128
149	0.0427348	0.112243	0.0616879
150	0.0737308	0.0670078	0.0706351
151	0.106654	0.117219	0.114424
152	0.0553314	0.0410553	0.0413213
153	0.0871401	0.0783854	0.078762
154	0.0626364	0.0573445	0.0548633
155	0.0512569	0.0483701	0.0434274
156	0.0559417	0.0500711	0.050397
157	0.151603	0.0572208	0.0547219
158	0.0541638	0.044626	0.0447475
159	0.0541555	0.0494533	0.05098
160	0.0598529	0.0474301	0.0546718
161	0.0621146	0.0423381	0.0459841
162	0.0567716	0.0545066	0.0525127
163	0.0526339	0.0451531	0.0516013
164	0.0413581	0.0407472	0.0356729
165	0.0530283	0.0465083	0.0465458
166	0.128306	0.117666	0.114149
167	0.0390786	0.0835046	0.0529513
168	0.0561094	0.0501518	0.0602142
169	0.15999	0.117229	0.113854
170	0.0460208	0.0418037	0.0440052
171	0.118109	0.108119	0.100738
172	0.0503119	0.0548302	0.0514549
173	0.0420259	0.0353481	0.0361402
174	0.0529076	0.0429155	0.0462076
175	0.0456612	0.0569034	0.0506323
176	0.0419672	0.036188	0.0362311
177	0.054018	0.0432271	0.0533044
178	0.0544202	0.0567034	0.0532188
179	0.0523891	0.0342544	0.0346555
180	0.0541453	0.0441673	0.0479078
181	0.0431393	0.05337	0.0340989
182	0.0424839	0.0330829	0.0338741
183	0.0558164	0.0450878	0.0566854
184	0.147666	0.117643	0.113479
185	0.04578	0.0656328	0.0666339
186	0.0584429	0.0595817	0.062235
187	0.123744	0.109317	0.0947646
188	0.0546362	0.0472673	0.0590484
189	0.164597	0.14821	0.134252
190	0.0417238	0.0455353	0.0335601
191	0.0369294	0.0316443	0.0304774
192	0.0586222	0.0480245	0.052849
193	0.0411428	0.0507194	0.0344558
194	0.043097	0.0323452	0.0368186
195	0.0595192	0.041623	0.0509532
196	0.0387198	0.0320364	0.0269955
197	0.0395758	0.0322946	0.0314883
198	0.0576525	0.0437701	0.05144
199	0.0548992	0.0390033	0.0334255
200	0.0411133	0.03194	0.0331063
201	0.0549051	0.0580345	0.0534678
202	0.124168	0.117657	0.114081
203	0.0464836	0.0592043	0.0888908
204	0.0587167	0.0577031	0.061489
205	0.124817	0.109213	0.11361
206	0.0572974	0.0510522	0.0630578
207	0.168182	0.152429	0.137801
208	0.0887098	0.0332466	0.0286151
209	0.031825	0.0383808	0.0330714
210	0.0559023	0.052257	0.0621941
211	0.0437544	0.0427915	0.0327053
212	0.0487596	0.0316187	0.0319545
213	0.055007	0.051945	0.0531443
214	0.0478725	0.033066	0.0296825
215	0.0336267	0.0319503	0.0335501
216	0.0547467	0.0451599	0.0513645
217	0.0489382	0.0338835	0.0301761
218	0.0371307	0.0349701	0.034033
219	0.0785108	0.063545	0.0573284
220	0.123654	0.116941	0.113561
221	0.0377583	0.0880811	0.0825264
222	0.0547038	0.0584458	0.0575689
223	0.12413	0.117045	0.0942691
224	0.0671299	0.0658083	0.0736159
225	0.168375	0.152666	0.137996
226	0.0418921	0.0368883	0.0380198
227	0.0316	0.0343851	0.030191
228	0.077375	0.0584181	0.0578579
229	0.0408486	0.0340966	0.0315342
230	0.0378602	0.0348751	0.0296736
231	0.0718665	0.0600819	0.0573833
232	0.0560868	0.0356684	0.0351174
233	0.0382441	0.0330389	0.0321122
234	0.0599773	0.0446327	0.0474237
235	0.0448714	0.0326867	0.0309238
236	0.0449402	0.0342819	0.0328898
237	0.0729462	0.0530582	0.0499992
238	0.128102	0.117664	0.114258
239	0.0480549	0.068632	0.0941889
240	0.0527459	0.0600663	0.068266
241	0.124231	0.119133	0.113639
242	0.0697363	0.0818988	0.0793896
243	0.168691	0.152949	0.13824
244	0.0548651	0.0340426	0.0274773
245	0.033288	0.0323276	0.0384223
246	0.0794299	0.075011	0.0704512
247	0.0460292	0.0319756	0.0394735
248	0.0375366	0.0356757	0.0329692
249	0.0807404	0.0576823	0.0553922
250	0.0346854	0.0341658	0.0291428
251	0.0312533	0.030663	0.0276518
252	0.0540953	0.0428325	0.0498523
253	0.0383185	0.0331511	0.0370565
254	0.0400018	0.0315633	0.0325751
255	0.0748547	0.0751056	0.0685223
256	0.147706	0.109956	0.114259
257	0.0477919	0.100285	0.0503657
258	0.0534658	0.0667295	0.0724069
259	0.12425	0.104518	0.113686
260	0.0693693	0.102621	0.0789758
261	0.168575	0.152846	0.138147
262	0.0503006	0.0331504	0.0310171
263	0.0393591	0.0321509	0.0283397
264	0.0733898	0.0732192	0.0682171
265	0.0417954	0.0370387	0.032692
266	0.0445251	0.0343117	0.030001
267	0.0758843	0.0795341	0.0681516
268	0.037211	0.0315616	0.0350528
269	0.038053	0.0313563	0.0353279
270	0.0558673	0.0440073	0.0467636
271	0.0472471	0.0372439	0.0472454
272	0.0375092	0.0356219	0.0373916
273	0.0626651	0.0670645	0.0657737
274	0.123927	0.116972	0.114165
275	0.0673007	0.0546941	0.061912
276	0.0667339	0.0673954	0.0676134
277	0.158649	0.119062	0.115053
278	0.10748	0.0782835	0.0939265
279	0.16858	0.152849	0.13815
280	0.0363621	0.0364198	0.029379
281	0.0392068	0.0317381	0.0311949
282	0.0687829	0.0739119	0.0677601
283	0.0379771	0.0388533	0.0323165
284	0.0338517	0.0318185	0.0391216
285	0.0740506	0.0721036	0.0560309
286	0.0496492	0.0426496	0.0271305
287	0.0430763	0.0323615	0.0319414
288	0.052641	0.0515988	0.0570881
289	0.0549709	0.0502446	0.0523554
290	0.0507885	0.0476176	0.0452552
291	0.051992	0.0488025	0.0473313
292	0.123599	0.11737	0.114179
293	0.0421189	0.0361117	0.0431088
294	0.0552237	0.0450578	0.0521604
295	0.114468	0.117427	0.120977
296	0.0492998	0.0342653	0.0354433
297	0.0719671	0.0676511	0.0707491
298	0.061364	0.0542828	0.0516498
299	0.0522909	0.0428749	0.0453533
300	0.052818	0.0490187	0.0477995
301	0.0555464	0.0509113	0.0541747
302	0.0543302	0.0414571	0.0448266
303	0.051945	0.0494279	0.047239
304	0.0569006	0.0498195	0.049567
305	0.0605361	0.0403761	0.0433303
306	0.0539357	0.0454001	0.0473848
307	0.0694311	0.0515903	0.0392594
308	0.0391096	0.0317011	0.0315108
309	0.0475845	0.0388369	0.0410736
310	0.11484	0.117598	0.113475
311	0.034729	0.0358979	0.080521
312	0.0490274	0.0467788	0.0518663
313	0.0751815	0.109142	0.100848
314	0.0469535	0.0340728	0.0314971
315	0.0852325	0.0789368	0.0785286
316	0.0504756	0.0457131	0.0385094
317	0.0394333	0.0312658	0.0313232
318	0.0466763	0.0388682	0.0400414
319	0.0470208	0.0414681	0.0420521
320	0.0448647	0.0313283	0.0302205
321	0.0491573	0.0419543	0.0399641
322	0.0531396	0.0450389	0.0525128
323	0.0352687	0.0319726	0.0309275
324	0.0493151	0.0401171	0.0427534
325	0.0511769	0.0483231	0.0331719
326	0.0390244	0.038927	0.0296533
327	0.0440943	0.0356822	0.0394986
328	0.155168	0.133475	0.123928
329	0.0424498	0.0869138	0.0919497
330	0.0486449	0.0391571	0.044803
331	0.124123	0.119914	0.123971
332	0.0427653	0.034543	0.0358309
333	0.107003	0.098234	0.0937393
334	0.0432746	0.060116	0.0363634
335	0.0302233	0.0307395	0.0281614
336	0.045367	0.0387949	0.0392253
337	0.0447241	0.0349574	0.0320744
338	0.0319676	0.0322051	0.0317188
339	0.0466925	0.0362099	0.038682
340	0.0420238	0.0406568	0.0351073
341	0.0317352	0.0316784	0.0295457
342	0.0476817	0.0394167	0.0400937
343	0.0392727	0.035084	0.0290029
344	0.034874	0.0326141	0.0269776
345	0.048483	0.0400103	0.0390601
346	0.115688	0.117127	0.113502
347	0.0454864	0.057333	0.0299769
348	0.0507895	0.0426507	0.0475965
349	0.124286	0.102099	0.101151
350	0.0497256	0.036735	0.0512531
351	0.152616	0.136342	0.12504
352	0.0434725	0.0612766	0.029248
353	0.0275538	0.0301084	0.029026
354	0.0451	0.0393812	0.0405816
355	0.0339684	0.0319861	0.041605
356	0.0349051	0.0334026	0.0301891
357	0.052457	0.0374555	0.0425857
358	0.0531279	0.0435754	0.0296482
359	0.0275985	0.0306973	0.0280214
360	0.0454078	0.0361799	0.0387269
361	0.043584	0.0420015	0.0458998
362	0.0336926	0.0308883	0.0284209
363	0.0481324	0.03764	0.0398991
364	0.114926	0.116959	0.113468
365	0.0491954	0.0381664	0.0326862
366	0.0424103	0.0409296	0.046513
367	0.117545	0.109332	0.100753
368	0.0632091	0.0425032	0.0521427
369	0.16358	0.147702	0.134147
370	0.0471059	0.0309416	0.0342409
371	0.0269008	0.0316921	0.0252361
372	0.0478773	0.0414905	0.0399081
373	0.0410812	0.0380656	0.0346257
374	0.0344419	0.03155	0.0276076
375	0.0491416	0.0367623	0.0443889
376	0.0968399	0.0335921	0.0276093
377	0.029022	0.0314225	0.0320106
378	0.0449532	0.0358832	0.0363314
379	0.0372526	0.0326052	0.0401067
380	0.0299707	0.0304503	0.0286797
381	0.0485969	0.0370701	0.0396239
382	0.120004	0.109001	0.113472
383	0.0468925	0.0469806	0.0346085
384	0.0459376	0.0409654	0.0463348
385	0.106223	0.110304	0.0834141
386	0.0517467	0.0661576	0.0618028
387	0.166522	0.151028	0.136822
388	0.0559388	0.0307156	0.036504
389	0.0307466	0.0297146	0.0247124
390	0.0494209	0.0427546	0.042919
391	0.142468	0.0332671	0.042881
392	0.0366613	0.0304752	0.0282089
393	0.0473083	0.0390772	0.0389968
394	0.0409457	0.0352764	0.0375482
395	0.0293272	0.0303572	0.0283379
396	0.0444832	0.0356944	0.0398066
397	0.0548036	0.0340991	0.0291496
398	0.0327294	0.0316133	0.0316951
399	0.0483402	0.0384015	0.0412268
400	0.123692	0.114684	0.113607
401	0.0400724	0.0407195	0.041544
402	0.0455648	0.0425444	0.0476456
403	0.124492	0.0976212	0.113746
404	0.0684816	0.0478472	0.0626965
405	0.167524	0.151998	0.137612
406	0.0651978	0.0323504	0.0303105
407	0.0341074	0.0334655	0.0277195
408	0.0487886	0.0406922	0.0494919
409	0.184016	0.057089	0.0376162
410	0.0375976	0.0314732	0.0289978
411	0.0459929	0.0356069	0.0403851
412	0.0605819	0.0339648	0.0257878
413	0.0306487	0.0304881	0.0309805
414	0.0407237	0.0363597	0.039512
415	0.0501998	0.0371005	0.0453935
416	0.0349078	0.0310159	0.0305739
417	0.0482418	0.0428715	0.0453502
418	0.13247	0.117669	0.113452
419	0.0467636	0.0366801	0.0339396
420	0.047968	0.0388419	0.0450746
421	0.158854	0.119124	0.12195
422	0.0696681	0.0785289	0.0789285
423	0.168515	0.152773	0.138093
424	0.0537934	0.0325255	0.0349372
425	0.0280413	0.0311152	0.0299866
426	0.0514028	0.0425236	0.055355
427	0.0438564	0.0332686	0.0339892
428	0.0356326	0.0341922	0.0279646
429	0.0501829	0.043287	0.0443131
430	0.0953039	0.0324053	0.0290007
431	0.0302678	0.033424	0.028634
432	0.042709	0.0386216	0.0419986
433	0.0567671	0.0739604	0.0675009
434	0.0549506	0.0490527	0.0499836
435	0.0540784	0.0447593	0.0443075
436	0.160284	0.117226	0.114176
437	0.0421215	0.0363639	0.0321801
438	0.048163	0.0423169	0.0441575
439	0.160285	0.117187	0.114089
440	0.040666	0.0322709	0.0323082
441	0.0597947	0.0604676	0.0655116
442	0.0616195	0.0602607	0.0586443
443	0.0585747	0.0444229	0.0858337
444	0.0539717	0.0489859	0.047728
445	0.0628895	0.0534211	0.0577116
446	0.0594202	0.0446867	0.0490455
447	0.0529406	0.0448045	0.0445236
448	0.0661447	0.0551969	0.0746728
449	0.076016	0.0443357	0.0463126
450	0.0533832	0.0471654	0.0465441
451	0.0521898	0.0438316	0.0528409
452	0.0418355	0.0319908	0.0324875
453	0.0453879	0.0361841	0.0358979
454	0.120251	0.11695	0.113445
455	0.033678	0.039357	0.044064
456	0.0462073	0.0365705	0.0359082
457	0.0929989	0.10168	0.0942633
458	0.0412853	0.03244	0.0304778
459	0.0701414	0.0633239	0.065164
460	0.0514324	0.0431655	0.070373
461	0.0308969	0.0307424	0.0364443
462	0.0462461	0.0371546	0.0369882
463	0.0575135	0.0493841	0.0476695
464	0.0378446	0.0326964	0.034887
465	0.0447931	0.0362508	0.0364231
466	0.0545943	0.0364165	0.0400121
467	0.0358928	0.034403	0.0336964
468	0.0483974	0.0375758	0.0394063
469	0.0720817	0.0394186	0.0427709
470	0.0333407	0.0309621	0.0322776
471	0.0415193	0.0359046	0.03587
472	0.113669	0.116943	0.11349
473	0.0354252	0.0366689	0.0447889
474	0.0453834	0.0346463	0.0326654
475	0.113672	0.100459	0.0960565
476	0.0318113	0.0320146	0.0332555
477	0.0820491	0.075467	0.0744856
478	0.0509406	0.0327915	0.0585013
479	0.0268449	0.0315316	0.0292755
480	0.0425749	0.0361188	0.0358834
481	0.0469979	0.0400623	0.0335643
482	0.0354368	0.032004	0.0308502
483	0.0428702	0.0361533	0.0359843
484	0.042626	0.0319285	0.0360682
485	0.0329501	0.0331577	0.0296141
486	0.0465423	0.0366504	0.0373452
487	0.0564271	0.0318343	0.0312924
488	0.0283469	0.0303486	0.0265004
489	0.042313	0.0341895	0.0350152
490	0.126172	0.116983	0.113493
491	0.0457693	0.0521967	0.0482606
492	0.0417237	0.033229	0.0314876
493	0.120104	0.105176	0.0995608
494	0.0354908	0.0323636	0.0295874
495	0.0739845	0.0698838	0.0713693
496	0.0456281	0.0342028	0.039841
497	0.0277661	0.0292906	0.0261288
498	0.0421762	0.0357487	0.0366172
499	0.0459535	0.0324576	0.0324063
500	0.0280078	0.0302147	0.0270915
501	0.0406879	0.0349451	0.035444
502	0.0473364	0.0333811	0.0274201
503	0.0335306	0.0294739	0.0254525
504	0.0427348	0.0354224	0.0361662
505	0.0457216	0.0456092	0.0424415
506	0.0287402	0.0318229	0.0262871
507	0.0386811	0.0337487	0.0327034
508	0.115328	0.117008	0.103801
509	0.0447076	0.0422115	0.0681844
510	0.0396632	0.0317231	0.0337962
511	0.123375	0.106722	0.0943248
512	0.0440809	0.0313748	0.0312413
513	0.071858	0.0716586	0.0763019
514	0.0728692	0.0328713	0.0335282
515	0.0277645	0.0300499	0.027203
516	0.0402538	0.0340879	0.0369921
517	0.048654	0.0357975	0.0300165
518	0.029645	0.0321201	0.0280853
519	0.0404445	0.0331792	0.0348422
520	0.0509012	0.0376083	0.0307671
521	0.0286143	0.0305262	0.0251117
522	0.042987	0.034291	0.0341391
523	0.0361848	0.0419383	0.0391247
524	0.0329096	0.0328484	0.0295499
525	0.0380079	0.0350996	0.0381899
526	0.159216	0.102168	0.11347
527	0.0517603	0.0396396	0.0422189
528	0.0398633	0.0328662	0.0348232
529	0.123626	0.108767	0.113598
530	0.0641339	0.0326131	0.0497892
531	0.0715979	0.0761003	0.0778887
532	0.0732931	0.0507684	0.0399757
533	0.0257479	0.0298599	0.0262336
534	0.0394172	0.0348156	0.0396439
535	0.141594	0.045607	0.0322088
536	0.0280546	0.0332989	0.0296199
537	0.0393631	0.0343953	0.035814
538	0.0449438	0.0375445	0.0291352
539	0.0291151	0.0312906	0.0254108
540	0.0417759	0.0335655	0.033267
541	0.0411421	0.0332873	0.0413147
542	0.0291344	0.0348383	0.0284155
543	0.0406992	0.0351374	0.0352278
544	0.116017	0.117753	0.113631
545	0.0458247	0.0393414	0.0309028
546	0.0404096	0.0322219	0.0324856
547	0.158691	0.119044	0.138152
548	0.0690883	0.0653208	0.0779095
549	0.0927828	0.0801423	0.0798479
550	0.0556206	0.0366139	0.0263566
551	0.0293967	0.0297236	0.0302037
552	0.0405994	0.0340824	0.0370235
553	0.144826	0.0335167	0.0324103
554	0.0316415	0.0314178	0.0267039
555	0.0394639	0.0333944	0.0347071
556	0.16859	0.033771	0.041947
557	0.0343226	0.0326354	0.0282974
558	0.0405809	0.035278	0.0360633
559	0.0693773	0.0359861	0.056595
560	0.0358992	0.0304961	0.0342036
561	0.0445449	0.0343899	0.0337362
562	0.169035	0.117799	0.115063
563	0.0337274	0.0347012	0.0331103
564	0.040361	0.0324358	0.0355193
565	0.158767	0.119329	0.115337
566	0.0684273	0.0839622	0.0780913
567	0.10992	0.0827766	0.0853097
568	0.0968004	0.116873	0.0421963
569	0.0346776	0.0299277	0.0247969
570	0.0406058	0.0368799	0.040442
571	0.106107	0.0548391	0.193216
572	0.0283389	0.0298235	0.0276824
573	0.0380674	0.0338714	0.0355156
574	0.040064	0.0353048	0.0381168
575	0.0323328	0.0306342	0.0246686
576	0.0393809	0.0356201	0.0328902
577	0.0757394	0.0543623	0.0518665
578	0.0710942	0.0450736	0.0463917
579	0.0536151	0.0450506	0.0431327
580	0.160202	0.117069	0.11359
581	0.0378578	0.0380384	0.0330445
582	0.0470058	0.040537	0.0417893
583	0.101162	0.110666	0.114027
584	0.0382827	0.0323928	0.0315841
585	0.0578941	0.0599885	0.0636488
586	0.0575019	0.0541963	0.0533459
587	0.0547499	0.049686	0.0465885
588	0.0531951	0.0473533	0.0471019
589	0.0637648	0.054664	0.0523049
590	0.0567005	0.0459153	0.0463139
591	0.0544146	0.0462796	0.0432461
592	0.0626146	0.052834	0.0522678
593	0.0581665	0.045502	0.0504284
594	0.0533261	0.0448697	0.0451534
595	0.0711216	0.05754	0.0502754
596	0.0381277	0.0357829	0.0323965
597	0.0418624	0.0356475	0.0357002
598	0.124598	0.117153	0.113603
599	0.0355685	0.0546277	0.0336517
600	0.0447837	0.0350599	0.0353869
601	0.123386	0.117006	0.113525
602	0.0359332	0.0316899	0.0300421
603	0.0659355	0.0611388	0.0637667
604	0.0661727	0.0569258	0.0594111
605	0.0410148	0.0304753	0.02783
606	0.0447462	0.0370666	0.0366793
607	0.071376	0.0661514	0.0650326
608	0.0379524	0.0373153	0.0331957
609	0.0409514	0.0364527	0.0366862
610	0.0564722	0.0586561	0.0624633
611	0.0540545	0.0361082	0.0320312
612	0.0500501	0.0372888	0.0387932
613	0.0508189	0.0389166	0.035633
614	0.0307888	0.0317113	0.0311824
615	0.0395944	0.0331124	0.0329882
616	0.114856	0.116933	0.113452
617	0.0449707	0.052239	0.0457798
618	0.0430519	0.0328902	0.0326584
619	0.116322	0.105549	0.113459
620	0.0328414	0.0330374	0.0298757
621	0.0672702	0.0569645	0.0608387
622	0.046753	0.0499536	0.0398677
623	0.0311097	0.0293287	0.0251558
624	0.0419846	0.0342606	0.0342064
625	0.0509997	0.0423229	0.0539236
626	0.0337842	0.0314099	0.0282898
627	0.0381183	0.0335162	0.032935
628	0.0518362	0.0371163	0.0345417
629	0.0332893	0.0312621	0.0283574
630	0.044712	0.036247	0.0377816
631	0.0541399	0.0510924	0.0470233
632	0.0292102	0.0303614	0.0352987
633	0.0379614	0.0326289	0.0325803
634	0.123144	0.101913	0.113469
635	0.0453366	0.032583	0.0424855
636	0.0384143	0.0357813	0.0420441
637	0.112759	0.0888159	0.102358
638	0.0344948	0.0329327	0.0306769
639	0.0735011	0.0619118	0.0615281
640	0.0449602	0.0361179	0.0425993
641	0.0370137	0.030405	0.0326925
642	0.0387722	0.033748	0.0333906
643	0.201941	0.0346962	0.0320265
644	0.0323434	0.0311198	0.0256143
645	0.0362168	0.0331083	0.0314635
646	0.0443731	0.0322323	0.0307813
647	0.0306666	0.0307244	0.032629
648	0.0431432	0.0352494	0.0373792
649	0.055377	0.0367945	0.0364687
650	0.0279328	0.0319991	0.0384465
651	0.0372126	0.0334698	0.0308301
652	0.11485	0.10904	0.113491
653	0.032548	0.0364936	0.0363374
654	0.0400747	0.0324646	0.0295239
655	0.119261	0.100594	0.105704
656	0.0331883	0.0311406	0.0295867
657	0.0718919	0.0673157	0.0641817
658	0.0485931	0.0370942	0.0416936
659	0.0270242	0.0357923	0.0277744
660	0.0393148	0.0364507	0.0347461
661	0.801903	0.343895	0.0293743
662	0.03052	0.0309845	0.0324235
663	0.0353514	0.0354503	0.0305258
664	0.0488062	0.0332864	0.0304983
665	0.0283756	0.0308837	0.0272068
666	0.0429933	0.0338352	0.0338584
667	0.0545967	0.0431705	0.0394854
668	0.0499044	0.0344148	0.0298225
669	0.0335615	0.0326253	0.0339095
670	0.161355	0.109065	0.115196
671	0.0507337	0.0769707	0.0666646
672	0.0378859	0.0326117	0.0380238
673	0.114806	0.0977136	0.100574
674	0.0473597	0.0340508	0.0500257
675	0.0693278	0.0696603	0.0771289
676	0.166254	0.0334243	0.0395736
677	0.024832	0.0287705	0.0309846
678	0.0382668	0.0359007	0.036129
679	7.76744	0.0344843	0.036991
680	0.0423442	0.0345255	0.0294484
681	0.0335558	0.0316358	0.0317828
682	0.0372913	0.0336427	0.0377369
683	0.025839	0.0312745	0.0273274
684	0.0386486	0.0336131	0.0335499
685	0.057124	0.0424657	0.106154
686	0.0338174	0.0311358	0.0256237
687	0.0368996	0.0311156	0.0301582
688	0.158376	0.11809	0.114225
689	0.0469771	0.0348663	0.046713
690	0.0380203	0.0322696	0.0301686
691	0.141417	0.119056	0.11505
692	0.051708	0.0474637	0.0603732
693	0.0904601	0.0773782	0.0784602
694	0.0491926	0.0310572	0.0281819
695	0.0375248	0.0291692	0.0310585
696	0.0369976	0.0330015	0.0350153
697	1.30812	0.0377005	0.0360023
698	0.026748	0.0368503	0.0249103
699	0.0353359	0.0314235	0.030154
700	0.0314126	0.0383023	0.0386141
701	0.026633	0.0325965	0.0283583
702	0.0396907	0.0330208	0.0305141
703	0.0536886	0.0680652	0.122837
704	0.027317	0.0303503	0.027767
705	0.0354958	0.0320204	0.0310493
706	0.168298	0.119125	0.117863
707	0.032658	0.0358083	0.0330722
708	0.0347187	0.0328886	0.0292077
709	0.164826	0.119066	0.115055
710	0.0536095	0.0457103	0.0604016
711	0.108381	0.0794715	0.0787104
712	0.111349	0.0323764	0.0477798
713	0.0214541	0.0298005	0.024235
714	0.0385275	0.0324797	0.0330543
715	8.22125	0.0317735	0.0559875
716	0.0435801	0.0363671	0.0447786
717	0.0337761	0.0323616	0.0309208
718	0.0559524	0.0331962	0.0272259
719	0.0280108	0.0301556	0.0246404
720	0.0380785	0.0321718	0.0295596
721	0.0608548	0.0480949	0.0475431
722	0.053422	0.0482252	0.0465363
723	0.050727	0.0469995	0.0452414
724	0.105626	0.116997	0.1138
725	0.0371834	0.038292	0.0334007
726	0.0482626	0.0422955	0.0420734
727	0.104855	0.126377	0.124283
728	0.0401492	0.035853	0.0322685
729	0.0551117	0.0588728	0.0621628
730	0.0619204	0.0521845	0.0509397
731	0.0546487	0.0535671	0.0504839
732	0.0545796	0.0494101	0.047592
733	0.0563361	0.0489735	0.0508377
734	0.0544233	0.0586665	0.0456376
735	0.052034	0.0446331	0.0452522
736	0.058562	0.0535292	0.0511576
737	0.0526347	0.0451234	0.0433706
738	0.0544517	0.0457689	0.0491973
739	0.0737022	0.054678	0.0537761
740	0.0412871	0.0312394	0.0300275
741	0.0390479	0.0343751	0.0362636
742	0.115322	0.117082	0.0942237
743	0.0410936	0.0507503	0.0353907
744	0.0438851	0.0346031	0.0339056
745	0.122866	0.109228	0.113718
746	0.0344307	0.0305081	0.0310324
747	0.0628183	0.0594826	0.0629329
748	0.0609959	0.0630847	0.0571618
749	0.0423393	0.0300023	0.0347881
750	0.0456308	0.0368783	0.0376053
751	0.0800026	0.0582362	0.0456048
752	0.0406536	0.0317195	0.0338449
753	0.038921	0.0339207	0.0365306
754	0.0521496	0.0456833	0.0587937
755	0.0427918	0.0319591	0.0343609
756	0.050918	0.036841	0.0378867
757	0.0481198	0.0364514	0.0380953
758	0.0298319	0.0314405	0.0280207
759	0.03605	0.0328361	0.0321366
760	0.114926	0.117067	0.114097
761	0.0391491	0.0464369	0.0358655
762	0.0404899	0.0330714	0.0318224
763	0.120525	0.109799	0.104707
764	0.037804	0.0308627	0.0295121
765	0.0661241	0.0586182	0.0632405
766	0.16828	0.0672677	0.0416516
767	0.0274871	0.0318438	0.0252421
768	0.0393481	0.0350625	0.0343187
769	0.0553728	0.0375418	0.0662039
770	0.0373598	0.0328979	0.0287557
771	0.0362996	0.0327584	0.031086
772	0.0514034	0.0530156	0.0441722
773	0.0361393	0.0316248	0.0383884
774	0.0435527	0.0359454	0.0347232
775	0.0521509	0.0517886	0.254854
776	0.0312584	0.0305525	0.0271445
777	0.0351478	0.0316611	0.0307666
778	0.155541	0.105037	0.113637
779	0.0439554	0.0339479	0.0314152
780	0.0399683	0.0321014	0.029917
781	0.111699	0.10036	0.10257
782	0.035368	0.0333172	0.028744
783	0.0703216	0.0557936	0.0627359
784	0.05278	0.0309699	0.0312162
785	0.0249019	0.0296106	0.0272992
786	0.0401103	0.0335015	0.0333593
787	0.058994	0.0332913	0.0363899
788	0.0313004	0.0311279	0.0294231
789	0.0359689	0.031994	0.0312036
790	0.0463888	0.0326041	0.0324137
791	0.0298346	0.0346462	0.0304835
792	0.043273	0.0338305	0.0323656
793	0.052474	0.0332952	0.0315273
794	0.0355524	0.0312019	0.0365172
795	0.0344334	0.0332116	0.0308168
796	0.166881	0.117814	0.113743
797	0.0519056	0.0368696	0.0409616
798	0.0386645	0.0362929	0.0355016
799	0.115719	0.100455	0.103913
800	0.0380355	0.0372842	0.0320244
801	0.0712649	0.0673213	0.0635217
802	0.0525055	0.0360407	0.138687
803	0.0282942	0.0306274	0.0248789
804	0.037333	0.0330064	0.0330413
805	0.0554231	0.0325112	0.0473899
806	0.0296844	0.031609	0.0276625
807	0.0352126	0.0325222	0.0314531
808	0.0564009	0.0331126	0.0279957
809	0.0278605	0.0300588	0.0267088
810	0.0414907	0.0340207	0.0322233
811	0.0513851	0.033817	0.109246
812	0.0282836	0.032292	0.02823
813	0.0331725	0.0307817	0.0313714
814	0.123396	0.119613	0.11353
815	0.0538187	0.0355682	0.0490628
816	0.0359759	0.0317904	0.0322564
817	0.1211	0.116312	0.113483
818	0.0631357	0.0465463	0.0672381
819	0.0685811	0.069334	0.0769708
820	0.0483243	0.07812	0.0371791
821	0.0242565	0.0299144	0.0237076
822	0.037308	0.0316753	0.0308697
823	0.0465354	0.035843	0.127505
824	0.0336008	0.0330887	0.0275665
825	0.0346543	0.0309587	0.0298168
826	0.116264	0.0338553	0.0355929
827	0.0265828	0.0305015	0.0348355
828	0.0386506	0.0321813	0.0320779
829	0.09271	0.0750814	0.0668612
830	0.0334704	0.0331615	0.0385447
831	0.0365859	0.0371135	0.0382475
832	0.16824	0.119617	0.124212
833	0.0356092	0.0419725	0.0379984
834	0.0351669	0.0339966	0.0433426
835	0.158776	0.119082	0.115219
836	0.0656485	0.0484413	0.104655
837	0.110742	0.0698963	0.0775166
838	0.168738	0.0524113	0.0336116
839	0.0272622	0.0291435	0.0275087
840	0.0367795	0.0343686	0.0345504
841	0.0460388	0.0339617	0.0662765
842	0.031028	0.0318824	0.0408867
843	0.0360414	0.0390401	0.0421262
844	0.0505627	0.0353723	0.0424224
845	0.0268835	0.0301572	0.02869
846	0.0379751	0.0337367	0.0394104
847	0.0487314	0.0315211	0.0559505
848	0.0348524	0.0321468	0.0249325
849	0.0352829	0.0325196	0.0334264
850	0.167957	0.136309	0.114612
851	0.0487385	0.0354799	0.0331003
852	0.037608	0.0310428	0.0298718
853	0.136453	0.119058	0.11508
854	0.0688177	0.0792733	0.0716146
855	0.0935035	0.0792029	0.0794516
856	0.200532	0.0311654	0.0301871
857	0.0396914	0.0290945	0.0313437
858	0.0379195	0.0311735	0.0318575
859	16.4323	13.9917	0.0583286
860	0.035614	0.0308032	0.0260605
861	0.0343353	0.0329294	0.0310558
862	1.65225	0.0316262	0.0353651
863	0.0322857	0.0322071	0.0255709
864	0.0398879	0.0339911	0.0292026
865	0.0580076	0.0584531	0.0573093
866	0.0535941	0.043452	0.0477147
867	0.0519875	0.0436944	0.0470547
868	0.124715	0.117779	0.114339
869	0.0353726	0.0335706	0.0333831
870	0.0470573	0.0410255	0.0440035
871	0.123944	0.118569	0.116322
872	0.0378892	0.0324296	0.0334911
873	0.0543854	0.0556542	0.060519
874	0.0562755	0.0609728	0.0566167
875	0.0518127	0.0471354	0.0457985
876	0.0612757	0.0500954	0.0496426
877	0.0612752	0.0609338	0.0572598
878	0.0602522	0.0432014	0.046923
879	0.0515354	0.0441023	0.0446643
880	0.0633707	0.0576462	0.0557308
881	0.0645256	0.0478459	0.0459709
882	0.0572328	0.0525745	0.0469239
883	0.0689916	0.0705706	0.0975994
884	0.0367193	0.0367762	0.030144
885	0.0387057	0.0340893	0.0315665
886	0.115435	0.117252	0.114234
887	0.0353633	0.0381072	0.0410599
888	0.0441822	0.0361287	0.0338363
889	0.0780576	0.116925	0.113468
890	0.0371939	0.0311017	0.0295625
891	0.0541169	0.0440636	0.0471874
892	0.0609008	0.0727042	0.050517
893	0.0341244	0.0317554	0.0309783
894	0.0421796	0.0384624	0.0369006
895	0.0912879	0.070583	0.0858229
896	0.0442538	0.0344193	0.0319818
897	0.0387102	0.033771	0.032884
898	0.0751348	0.112567	0.0910269
899	0.0458004	0.0342788	0.0343861
900	0.0507482	0.0370901	0.038299
901	0.138663	0.111894	0.0549074
902	0.0279451	0.0381139	0.0284132
903	0.0332914	0.0306977	0.0292175
904	0.123934	0.117684	0.114724
905	0.0423957	0.0364723	0.0341723
906	0.0399576	0.0332358	0.0327338
907	0.104727	0.117216	0.103793
908	0.0338977	0.033667	0.0293003
909	0.0588981	0.0562228	0.0646162
910	0.0593392	0.0433946	0.0695345
911	0.02998	0.0354214	0.0288267
912	0.0375476	0.0335337	0.0343095
913	0.0983774	0.08557	0.0751984
914	0.0295209	0.0312295	0.0296321
915	0.0330929	0.030688	0.029067
916	0.0768632	0.0871423	0.0856894
917	0.029454	0.0309148	0.0264049
918	0.0422021	0.0344564	0.0332628
919	0.15532	0.0468561	0.055639
920	0.030049	0.0338193	0.0305452
921	0.0373945	0.0310353	0.0277457
922	0.15624	0.117194	0.113482
923	0.0364467	0.0356837	0.0414776
924	0.0397233	0.0337312	0.0308916
925	0.104875	0.100284	0.104894
926	0.0321829	0.0309367	0.0296794
927	0.0620025	0.0555913	0.0630417
928	0.0766672	0.0371755	0.0820495
929	0.0350884	0.036286	0.0247598
930	0.0418892	0.0308853	0.0312861
931	0.0679244	0.0813137	0.0422057
932	0.0303356	0.0350296	0.0287205
933	0.038281	0.0304992	0.0282811
934	0.0758708	0.0568189	0.0661397
935	0.028124	0.0289841	0.0294275
936	0.0412337	0.033531	0.0326346
937	0.165757	0.0542634	0.107881
938	0.0258372	0.0322555	0.02741
939	0.0324637	0.030862	0.0310953
940	0.163113	0.117289	0.114429
941	0.0447831	0.0341321	0.0441178
942	0.038245	0.0319863	0.0314602
943	0.168596	0.119195	0.109551
944	0.0348163	0.0341106	0.0355497
945	0.0675044	0.0461045	0.063967
946	0.159441	0.0331871	0.138171
947	0.0270929	0.0379863	0.0262704
948	0.0372479	0.0310607	0.0318407
949	0.0823412	0.0676095	0.0835102
950	0.0336305	0.0302299	0.0350688
951	0.033259	0.0305574	0.0272181
952	0.0514114	0.0655253	0.0777233
953	0.0410877	0.0325903	0.0233043
954	0.0400043	0.0325666	0.0317119
955	0.164424	0.115315	0.138151
956	0.0399527	0.0303887	0.0263341
957	0.0309997	0.030592	0.0281126
958	0.167021	0.133523	0.123963
959	0.0400589	0.0397725	0.0326097
960	0.0380209	0.0327963	0.0298636
961	0.158711	0.0981515	0.0871087
962	0.0677891	0.050635	0.0560471
963	0.0679437	0.067216	0.0631638
964	0.0474932	0.0530328	0.138215
965	0.032439	0.0310528	0.0263242
966	0.0373999	0.0304595	0.0286591
967	0.0806331	0.0831768	8.87065
968	0.0331615	0.031663	0.0347527
969	0.0302357	0.0321882	0.0274298
970	0.0667267	0.0694255	0.0594994
971	0.0250102	0.0357071	0.0255652
972	0.0383381	0.0338093	0.0304484
973	0.164756	0.0394937	0.0325624
974	0.0426882	0.0322331	0.0298271
975	0.0337144	0.0323399	0.0278713
976	0.169163	0.118721	0.128476
977	0.0420582	0.037934	0.0405624
978	0.0383161	0.0332253	0.032325
979	0.168582	0.153425	0.138501
980	0.0808652	0.0410381	0.0676628
981	0.0693559	0.0701485	0.0659044
982	0.168581	0.15285	0.191127
983	0.0338818	0.0288696	0.0279308
984	0.0350269	0.034369	0.0295724
985	0.0595747	6.16762	0.0473392
986	0.043279	0.0645812	0.0265742
987	0.0340157	0.0360073	0.029598
988	0.0419649	0.0475966	0.0492846
989	0.0346525	0.0327474	0.0268289
990	0.0385094	0.0322787	0.0342778
991	0.0460423	0.0388528	0.129723
992	0.0340595	0.033235	0.035545
993	0.0314527	0.0321904	0.0312703
994	0.168954	0.137611	0.126159
995	0.0534464	0.0494353	0.0503656
996	0.0357375	0.0350436	0.0316656
997	0.168642	0.119795	0.138235
998	0.167689	0.0852555	0.115165
999	0.0823823	0.0771267	0.0775218
1000	0.16858	0.0336158	0.0548887
1001	0.0356766	0.0305854	0.0268824
1002	0.0377891	0.0301667	0.0291561
1003	0.605162	45290	4.76239
1004	0.073451	0.0330277	0.0379915
1005	0.0310238	0.0329558	0.030919
1006	0.142672	0.0619594	0.0724502
1007	0.0281503	0.0313088	0.027212
1008	0.0382344	0.0324976	0.0295042
