# k	cb	gl	xy
1	0.165715	1.20276	0.505082
2	0.134384	1.17088	0.590224
3	0.13761	1.18695	0.56091
4	0.251149	2.15143	1.03037
5	0.146523	1.82772	0.88907
6	0.150069	1.23718	0.611014
7	0.24951	2.22557	1.00813
8	0.135094	1.18613	0.620722
9	0.185014	1.72114	0.779722
10	0.194059	1.34605	0.583463
11	0.153895	1.13255	0.548485
12	0.146358	1.11062	0.547456
13	0.14776	1.23757	0.560058
14	0.135251	1.10768	0.574591
15	0.138108	1.19755	0.534232
16	0.166163	1.07347	0.54639
17	0.140406	1.11622	0.590323
18	0.147133	1.13786	0.550973
19	0.145069	1.35402	0.66584
20	0.138961	1.13519	0.585255
21	0.161944	1.41295	0.607873
22	0.280312	2.13605	0.990879
23	0.135666	1.99753	0.912313
24	0.183081	1.68198	0.773155
25	0.216563	2.17331	1.00878
26	0.168317	1.44317	0.68046
27	0.261457	2.54276	1.10676
28	0.194744	1.90627	0.936221
29	0.135669	0.994969	0.521712
30	0.145939	1.38854	0.611443
31	0.156749	1.30194	0.743334
32	0.122026	1.28399	0.555595
33	0.158113	1.42395	0.60558
34	0.147941	1.28887	0.722458
35	0.139877	1.13267	0.567408
36	0.129495	1.14882	0.562226
37	0.246427	2.00711	0.579239
38	0.149977	1.17194	0.634239
39	0.184501	1.41767	0.655172
40	0.277621	2.18484	1.00657
41	0.151177	1.90645	0.895474
42	0.169026	1.51891	0.722378
43	0.257371	2.18117	1.00043
44	0.168665	1.82067	0.822598
45	0.274619	2.64931	1.14646
46	0.25745	1.79952	0.765298
47	0.144931	1.03558	0.603698
48	0.167214	1.30026	0.597878
49	0.161635	1.1595	0.591981
50	0.147473	1.11598	0.599821
51	0.172778	1.33863	0.672049
52	0.184009	1.37766	0.764756
53	0.127748	1.0109	0.515483
54	0.129501	0.929009	0.487016
55	0.16016	1.16697	0.601486
56	0.128906	1.11789	0.569568
57	0.206762	1.41205	0.655931
58	0.278564	2.18323	0.991655
59	0.130429	2.04819	0.982689
60	0.163397	1.43229	0.674607
61	0.234437	2.17914	0.996487
62	0.189533	1.89452	0.875123
63	0.278955	2.68729	1.16136
64	0.215201	1.71478	0.835924
65	0.149238	0.945492	0.546945
66	0.163069	1.48772	0.695182
67	0.133831	1.29328	0.606129
68	0.144182	0.89596	0.535221
69	0.198602	1.39343	0.648227
70	0.196982	1.23976	0.543697
71	0.138574	0.846954	0.518538
72	0.143899	0.941142	0.498831
73	0.140497	1.139	0.586524
74	0.156146	1.2263	0.713686
75	0.206778	1.61863	0.751944
76	0.226857	2.15792	0.993492
77	0.175904	1.93031	0.937111
78	0.204869	1.94645	0.885228
79	0.216752	2.14996	1.00059
80	0.219877	2.08198	0.9157
81	0.285443	2.74781	1.18686
82	0.148428	1.46386	0.676737
83	0.145773	1.03249	0.575023
84	0.204285	1.73256	0.715032
85	0.129275	1.15641	0.578331
86	0.145041	1.19308	0.609696
87	0.219545	1.61181	0.716577
88	0.145664	1.13905	0.675999
89	0.16742	1.05915	0.605853
90	0.193316	1.53875	0.728957
91	0.142189	1.40245	0.635113
92	0.142918	0.972684	0.585968
93	0.266896	2.49117	1.0176
94	0.259117	2.169	0.997474
95	0.144074	2.18211	0.939103
96	0.17554	1.57492	0.739148
97	0.232565	2.1714	0.991498
98	0.193622	2.04805	1.02737
99	0.280392	2.69931	1.16572
100	0.149465	1.22824	0.852374
101	0.163114	1.06732	0.549911
102	0.216737	1.5795	0.729456
103	0.174276	1.05876	0.693433
104	0.16451	1.05518	0.515849
105	0.244915	2.15787	0.962923
106	0.15925	1.29539	0.527055
107	0.164104	0.902701	0.536837
108	0.193035	1.61694	0.721617
109	0.134577	1.79176	0.661278
110	0.194783	1.27932	0.57974
111	0.263818	2.84481	1.24352
112	0.266222	2.17058	0.997343
113	0.18181	1.96714	0.923248
114	0.215282	1.95727	0.858492
115	0.21465	2.19003	1.00015
116	0.263677	2.56995	1.11327
117	0.289437	2.784	1.20288
118	0.148078	1.50374	0.567242
119	0.165158	1.37586	0.712394
120	0.243028	1.68712	0.793952
121	0.148778	1.64789	0.888826
122	0.125825	1.03439	0.46422
123	0.258427	2.13578	0.940595
124	0.169914	1.3007	0.540617
125	0.150702	1.09481	0.684321
126	0.190643	1.7494	0.829877
127	0.138595	1.28539	0.647328
128	0.170488	1.19468	0.503626
129	0.277408	2.61683	1.14143
130	0.239206	2.18018	1.04345
131	0.151898	2.16523	0.929852
132	0.211096	1.95015	0.879475
133	0.237128	2.17512	1.06639
134	0.248409	2.49081	1.08795
135	0.280399	2.69914	1.16562
136	0.176877	1.82028	0.814762
137	0.177545	1.15958	0.538346
138	0.243827	2.2795	1.01174
139	0.128348	1.08939	0.557942
140	0.132661	0.992112	0.47903
141	0.27273	2.28771	1.05411
142	0.172662	1.40975	0.578285
143	0.187704	1.17141	0.514693
144	0.199976	1.85888	0.873761
145	0.131125	1.1266	0.536865
146	0.129458	1.01813	0.538634
147	0.128252	1.11339	0.563079
148	0.254168	2.17069	1.01074
149	0.154652	1.53035	0.749948
150	0.154143	1.44193	0.725673
151	0.240801	2.18192	1.04697
152	0.140476	0.972849	0.54505
153	0.1721	1.54879	0.715338
154	0.134147	1.13139	0.515532
155	0.160286	1.11626	0.482314
156	0.127536	1.08757	0.545135
157	0.138849	1.088	0.461713
158	0.132098	1.11469	0.488836
159	0.130018	1.12284	0.562447
160	0.134304	1.05107	0.53365
161	0.131666	1.0986	0.497547
162	0.122044	1.19615	0.555129
163	0.148353	1.29417	0.667637
164	0.145866	1.26236	0.517672
165	0.135254	1.09553	0.58252
166	0.214518	2.14196	0.99908
167	0.142475	1.6402	0.911591
168	0.139827	1.12798	0.588876
169	0.225904	2.13696	0.98966
170	0.132438	1.04555	0.506266
171	0.218737	2.0577	0.913463
172	0.285709	1.50697	0.802735
173	0.137616	1.13164	0.524754
174	0.132652	1.11741	0.539462
175	0.164666	1.41351	0.752049
176	0.134173	1.30459	0.56562
177	0.127679	1.07805	0.591037
178	0.150415	1.77266	0.838503
179	0.152065	1.19585	0.651418
180	0.127498	1.0192	0.574035
181	0.145051	1.30638	0.608704
182	0.143884	1.08478	0.581112
183	0.140805	1.39923	0.541325
184	0.241005	2.19322	0.999893
185	0.165261	1.42749	0.73615
186	0.136742	1.25485	0.635829
187	0.215579	2.10165	0.998941
188	0.172861	1.31493	0.671825
189	0.274042	2.6381	1.14298
190	0.170095	1.10552	0.55574
191	0.137869	1.16512	0.588112
192	0.145119	1.33821	0.593406
193	0.178292	1.05669	0.586991
194	0.153753	1.11031	0.553314
195	0.149034	1.31284	0.582365
196	0.146802	1.2532	0.619211
197	0.140464	1.22545	0.560299
198	0.137047	1.06491	0.502716
199	0.13249	0.992367	0.627063
200	0.132811	1.16455	0.596642
201	0.135495	1.33455	0.623816
202	0.236742	2.21081	1.00617
203	0.168611	1.70594	0.791354
204	0.13359	1.27405	0.61961
205	0.213474	2.19043	0.987705
206	0.198734	1.87497	0.842098
207	0.279992	2.696	1.16481
208	0.16549	1.51552	0.70796
209	0.155912	1.39613	0.794217
210	0.163613	1.37483	0.594703
211	0.124045	1.12014	0.586339
212	0.151335	1.05906	0.523712
213	0.133802	1.28662	0.606677
214	0.139103	1.13567	0.60296
215	0.136238	1.03962	0.54002
216	0.13792	1.20105	0.572501
217	0.156891	1.07953	0.622441
218	0.128518	0.984208	0.56507
219	0.159497	1.38561	0.615332
220	0.25198	2.15085	1.00315
221	0.168965	1.72466	0.943676
222	0.14967	1.30113	0.657536
223	0.215625	2.14714	0.996387
224	0.167753	1.54339	0.714171
225	0.280137	2.6965	1.16461
226	0.151353	1.21295	0.538907
227	0.146587	1.08052	0.595807
228	0.173561	1.51559	0.632198
229	0.12491	1.25085	0.612863
230	0.140545	1.02886	0.57226
231	0.162667	1.4068	0.634577
232	0.138817	1.17237	0.527069
233	0.15427	1.18891	0.614253
234	0.154391	1.0653	0.539451
235	0.140803	1.05127	0.510221
236	0.133692	1.07867	0.610941
237	0.155589	1.50455	0.638389
238	0.22634	2.1731	1.00814
239	0.150141	1.84521	0.984267
240	0.153769	1.24462	0.667479
241	0.219055	2.07043	1.00668
242	0.184349	1.87143	0.900382
243	0.280626	2.70127	1.16651
244	0.143893	1.28426	0.632606
245	0.174774	1.31964	0.593741
246	0.159946	1.59259	0.693331
247	0.121606	1.27907	0.514623
248	0.130209	1.00239	0.496517
249	0.164679	1.51975	0.637258
250	0.144465	1.34113	0.606082
251	0.182437	1.16149	0.57103
252	0.175523	1.03549	0.562739
253	0.140688	1.02884	0.663496
254	0.132944	0.969387	0.499746
255	0.156884	1.46264	0.633447
256	0.230205	2.14051	1.00443
257	0.154846	2.06688	0.762797
258	0.148811	1.32113	0.689616
259	0.227226	2.34458	0.977615
260	0.206846	2.03223	0.931942
261	0.280368	2.69882	1.16544
262	0.144073	1.04446	0.58294
263	0.157421	1.05037	0.658087
264	0.174016	1.69614	0.736671
265	0.13745	1.02305	0.531856
266	0.159524	1.3126	0.471495
267	0.162368	1.5372	0.63094
268	0.172736	1.30642	0.702525
269	0.156134	1.11028	0.60523
270	0.132224	1.30071	0.597281
271	0.129593	1.37138	0.656263
272	0.122113	1.10618	0.550502
273	0.147875	1.47821	0.675717
274	0.248653	2.06199	0.994997
275	0.192359	1.98313	0.857393
276	0.14594	1.38897	0.688411
277	0.231365	2.17312	0.992085
278	0.231891	2.08391	0.92469
279	0.280369	2.69939	1.16583
280	0.177348	1.18052	0.581924
281	0.16143	1.2823	0.523794
282	0.201559	1.66393	0.699707
283	0.147186	1.09726	0.616654
284	0.148651	1.29561	0.603481
285	0.155353	1.44654	0.632221
286	0.16171	1.06031	0.687411
287	0.140764	0.93703	0.575196
288	0.166736	1.28104	0.578051
289	0.135924	1.16781	0.581085
290	0.144345	1.0944	0.545787
291	0.132601	1.05147	0.523285
292	0.211745	2.15484	1.0087
293	0.14779	1.65337	0.777101
294	0.13703	1.23142	0.615863
295	0.199662	2.15755	1.03097
296	0.143345	0.886559	0.466394
297	0.155264	1.26778	0.63195
298	0.160153	1.15027	0.608586
299	0.13475	1.10393	0.5607
300	0.133992	1.0527	0.525765
301	0.13624	1.15201	0.612381
302	0.141527	1.06585	0.54659
303	0.128388	1.06888	0.52255
304	0.134027	1.12106	0.55218
305	0.153027	1.02725	0.499693
306	0.124176	1.06731	0.528428
307	0.153288	1.5239	0.638579
308	0.127282	1.08777	0.551401
309	0.12726	1.0008	0.526226
310	0.243681	2.16882	0.9933
311	0.152348	1.59768	0.768443
312	0.137231	1.05372	0.596723
313	0.205813	2.20238	1.01159
314	0.147124	0.926668	0.518107
315	0.176838	1.63336	0.76388
316	0.151584	1.37334	0.615637
317	0.141194	1.33317	0.552789
318	0.131343	1.12011	0.562043
319	0.169528	1.37478	0.62139
320	0.140463	1.26916	0.566281
321	0.123845	1.08963	0.526241
322	0.175383	1.30239	0.623188
323	0.13911	1.194	0.623317
324	0.123213	1.04545	0.589243
325	0.139983	1.29384	0.609049
326	0.136436	1.04163	0.579002
327	0.128228	1.09721	0.507442
328	0.262792	2.11942	1.00702
329	0.137711	1.84856	0.912432
330	0.126138	0.936023	0.544188
331	0.2148	2.15074	1.01227
332	0.125541	0.990716	0.506944
333	0.212543	2.05186	0.905309
334	0.177008	1.62674	0.635477
335	0.138833	1.34491	0.672785
336	0.131674	1.05746	0.54491
337	0.125733	1.30244	0.552902
338	0.145793	1.04069	0.54119
339	0.134491	0.963098	0.552775
340	0.127051	1.23556	0.55587
341	0.133141	1.12762	0.625546
342	0.13123	0.96694	0.537638
343	0.148497	1.30458	0.524557
344	0.147625	1.13057	0.668376
345	0.132434	1.26714	0.635938
346	0.214542	2.16721	1.0151
347	0.140847	1.62689	0.813273
348	0.132549	0.946056	0.506819
349	0.212798	2.15289	0.929941
350	0.156452	0.95841	0.569773
351	0.259641	2.49762	1.09484
352	0.158058	1.13415	0.585385
353	0.137664	1.10816	0.614206
354	0.126787	1.15839	0.581121
355	0.154287	1.04993	0.62628
356	0.123326	1.08696	0.579154
357	0.140444	1.04633	0.566371
358	0.134645	1.10947	0.557526
359	0.136672	1.3112	0.623541
360	0.13555	1.07453	0.568549
361	0.146231	1.12829	0.579225
362	0.130024	1.0896	0.559939
363	0.138329	1.31172	0.597448
364	0.227241	2.17107	1.00051
365	0.131377	1.48201	0.831349
366	0.133376	0.972599	0.500016
367	0.218728	2.14918	0.98372
368	0.146527	1.51773	0.753186
369	0.274403	2.64491	1.14595
370	0.176587	1.48964	0.592531
371	0.144512	1.13416	0.627991
372	0.135862	1.28241	0.600287
373	0.132419	1.21595	0.534251
374	0.134812	1.22748	0.524003
375	0.142368	1.17611	0.610317
376	0.155826	1.16603	0.633591
377	0.136819	1.12533	0.581341
378	0.13163	1.06425	0.545972
379	0.146846	1.17255	0.595863
380	0.135479	1.08067	0.539812
381	0.152681	1.02077	0.497227
382	0.214005	2.07725	0.994617
383	0.148073	1.62463	0.838591
384	0.145463	0.937729	0.496853
385	0.216544	2.17659	0.998886
386	0.148475	1.52811	0.800461
387	0.278293	2.68005	1.15987
388	0.168548	1.14386	0.571856
389	0.142458	1.15495	0.562348
390	0.154188	1.11239	0.541185
391	0.153042	1.0524	0.586541
392	0.15032	1.19328	0.520818
393	0.147933	0.99656	0.498769
394	0.169004	1.26731	0.578799
395	0.133988	1.1591	0.615289
396	0.131394	0.952631	0.525454
397	0.142062	1.09481	0.651329
398	0.162204	1.00272	0.530939
399	0.139035	1.10724	0.541195
400	0.208336	2.16307	1.00917
401	0.132784	1.73228	0.871533
402	0.130074	0.96052	0.514244
403	0.244623	2.13395	0.982543
404	0.151401	1.68464	0.840094
405	0.27978	2.69375	1.16402
406	0.172188	1.23055	0.625112
407	0.145958	1.03321	0.510212
408	0.14909	1.25784	0.566072
409	0.129612	1.19265	0.529911
410	0.153794	0.995546	0.540853
411	0.149519	1.09453	0.519934
412	0.1385	1.29867	0.608642
413	0.158414	1.24216	0.601156
414	0.132274	0.962909	0.500178
415	0.152421	1.09392	0.565587
416	0.12598	1.05399	0.546786
417	0.170824	1.10034	0.524248
418	0.258352	2.09843	1.00731
419	0.152804	1.59441	0.756683
420	0.141049	0.977888	0.51755
421	0.227527	2.16901	0.999745
422	0.175422	1.9846	0.896116
423	0.280277	2.69846	1.16548
424	0.182464	1.3597	0.747501
425	0.152156	1.08047	0.547176
426	0.133148	1.35015	0.60043
427	0.157813	1.13212	0.635252
428	0.154011	1.15971	0.577323
429	0.167788	1.11995	0.490306
430	0.141013	1.28431	0.566644
431	0.157427	1.13914	0.623462
432	0.140261	1.05052	0.553829
433	0.139923	1.16117	0.581282
434	0.136122	1.02173	0.52158
435	0.132873	1.0146	0.495047
436	0.224489	2.22471	1.03072
437	0.148861	1.13868	0.606189
438	0.135455	1.16052	0.629359
439	0.207215	2.37122	1.06694
440	0.125719	0.960171	0.535794
441	0.143069	1.27506	0.66875
442	0.12978	1.27699	0.575423
443	0.149919	1.06203	0.557891
444	0.142511	1.0223	0.531053
445	0.144456	1.15359	0.550741
446	0.132369	1.02591	0.541127
447	0.132869	1.00832	0.500903
448	0.145792	1.27752	0.53704
449	0.133915	1.03392	0.582812
450	0.129617	1.09655	0.550439
451	0.149462	1.40517	0.582166
452	0.152011	1.15678	0.559538
453	0.131419	0.986008	0.539621
454	0.214049	2.14884	1.01827
455	0.147539	1.38468	0.947403
456	0.133724	0.995614	0.540683
457	0.217313	2.07756	0.996663
458	0.131244	0.834572	0.480496
459	0.153168	1.23026	0.600085
460	0.156433	1.59696	0.677777
461	0.147547	1.27076	0.637843
462	0.135258	1.4013	0.617115
463	0.162564	1.39157	0.651333
464	0.137414	1.2273	0.618695
465	0.126474	0.997853	0.538478
466	0.15225	1.44149	0.720831
467	0.129453	1.2856	0.6616
468	0.128749	1.08485	0.562399
469	0.138627	1.25002	0.616311
470	0.135859	1.1293	0.553125
471	0.139131	0.999063	0.52102
472	0.221696	2.12548	0.999899
473	0.128018	1.48088	0.922616
474	0.138042	0.977504	0.528208
475	0.213527	2.16217	0.998507
476	0.136778	0.933325	0.520654
477	0.158606	1.57017	0.715237
478	0.176726	1.52479	0.513558
479	0.151607	1.12308	0.559775
480	0.134826	1.0702	0.542804
481	0.152626	1.15249	0.593474
482	0.140441	1.03345	0.557095
483	0.131259	0.975488	0.532129
484	0.197364	1.35667	0.628929
485	0.134029	1.45004	0.638269
486	0.130048	1.07424	0.586278
487	0.143812	1.37008	0.596116
488	0.13049	1.11771	0.584809
489	0.133888	0.987621	0.499274
490	0.237521	2.20072	0.965453
491	0.154259	1.28736	0.768621
492	0.136494	0.954056	0.557174
493	0.21148	2.16114	0.996433
494	0.149136	1.06497	0.533461
495	0.161797	1.49381	0.734039
496	0.224262	1.18317	0.80396
497	0.132007	1.15974	0.531435
498	0.139189	1.04359	0.551106
499	0.156675	1.30971	0.627488
500	0.136774	1.10454	0.558483
501	0.131986	1.0103	0.484849
502	0.157118	1.4935	0.702861
503	0.141957	1.39129	0.633654
504	0.125707	1.02861	0.547303
505	0.138967	1.04955	0.592227
506	0.131518	1.09462	0.606676
507	0.130251	0.998352	0.501671
508	0.22002	2.13866	0.994264
509	0.149411	1.54575	0.850497
510	0.149299	1.00844	0.609277
511	0.218982	2.16792	0.992429
512	0.15028	1.0823	0.714004
513	0.18952	1.56307	0.75202
514	0.196135	1.3063	0.68118
515	0.150054	1.12539	0.579779
516	0.146168	1.151	0.554064
517	0.12394	1.07821	0.589788
518	0.134828	1.11618	0.543636
519	0.13046	1.03412	0.497128
520	0.15375	1.37081	0.556744
521	0.152163	1.28175	0.695298
522	0.126432	1.09062	0.582578
523	0.193273	1.0612	0.515394
524	0.130802	1.1664	0.54048
525	0.138465	0.931748	0.497922
526	0.23518	2.12505	1.00888
527	0.148376	1.30216	0.702184
528	0.160669	1.00256	0.516241
529	0.214805	2.16279	0.988048
530	0.148415	1.40294	0.71366
531	0.200631	1.69353	0.813943
532	0.224599	1.24801	0.596281
533	0.142526	1.18099	0.569578
534	0.141979	1.11824	0.556483
535	0.509052	293.631	2.63424
536	0.121244	1.11606	0.563262
537	0.131481	0.928952	0.469491
538	0.193295	1.1028	0.567232
539	0.154376	1.26414	0.647873
540	0.125431	0.992209	0.521699
541	0.181851	1.26334	0.516184
542	0.142472	1.09605	0.546415
543	0.140659	0.973951	0.485318
544	0.26283	2.1697	1.01086
545	0.128462	1.91448	0.719144
546	0.151543	0.989622	0.530904
547	0.252378	2.18338	0.986086
548	0.152165	1.59303	0.695241
549	0.21389	1.95761	0.842389
550	0.165732	1.23123	0.843132
551	0.157917	1.0423	0.526129
552	0.161299	1.12631	0.581533
553	0.972532	1.01567	0.591571
554	0.148814	1.06203	0.557485
555	0.122526	0.969032	0.49552
556	0.164299	1.79338	0.513824
557	0.138703	1.21121	0.669811
558	0.127107	1.06975	0.51821
559	0.187644	1.27558	0.648174
560	0.135913	1.06423	0.526417
561	0.179273	0.982487	0.470311
562	0.280291	2.25317	1.06365
563	0.155022	1.4456	0.667855
564	0.165168	0.957841	0.518607
565	0.24545	2.17632	0.998562
566	0.172591	1.68563	0.843057
567	0.221165	2.08712	0.924334
568	0.195938	1.45046	0.880323
569	0.152617	1.03984	0.571599
570	0.154223	1.15079	0.586232
571	98.3804	9.28867	0.975925
572	0.134549	1.07886	0.568069
573	0.160397	1.01744	0.476972
574	0.18778	1.69696	0.754963
575	0.135979	1.08024	0.630932
576	0.127444	1.03997	0.579121
577	0.140476	1.14945	0.544258
578	0.139497	1.0393	0.574201
579	0.132944	0.990561	0.483768
580	0.267027	2.14708	1.00024
581	0.156171	1.06548	0.630679
582	0.136224	1.15341	0.649065
583	0.218766	2.28226	1.05839
584	0.13245	0.972594	0.49805
585	0.141434	1.28572	0.664427
586	0.147347	1.20603	0.558247
587	0.159299	1.19917	0.658486
588	0.141542	1.00606	0.538509
589	0.137591	1.1331	0.549223
590	0.145068	1.07956	0.596909
591	0.133482	0.994566	0.4861
592	0.140472	1.22302	0.548708
593	0.160947	1.01352	0.502961
594	0.126	1.04538	0.538692
595	0.13928	1.39781	0.671504
596	0.132557	1.27026	0.550898
597	0.129277	0.959248	0.496328
598	0.236869	2.11181	1.04607
599	0.145932	1.51322	0.917797
600	0.133452	1.12473	0.53409
601	0.223792	2.19718	0.930155
602	0.128627	0.952526	0.521219
603	0.148043	1.19675	0.604202
604	0.149003	1.30936	0.679764
605	0.151653	1.28565	0.62206
606	0.145376	1.3869	0.61964
607	0.135458	1.33357	0.673288
608	0.132443	1.17857	0.587471
609	0.130596	0.970661	0.504326
610	0.184504	1.54953	0.749377
611	0.138056	1.25532	0.704821
612	0.134933	1.09699	0.568014
613	0.151386	1.31938	0.603925
614	0.130025	1.12728	0.60324
615	0.12774	0.967951	0.4673
616	0.240474	2.16966	1.01467
617	0.14539	1.49619	0.614949
618	0.138548	1.05597	0.542156
619	0.228423	2.15371	0.927707
620	0.131883	0.981415	0.546084
621	0.156324	1.18295	0.58952
622	0.134834	1.42128	0.672581
623	0.141129	1.19891	0.540049
624	0.133805	1.13759	0.580088
625	0.129958	1.30997	0.641314
626	0.139547	1.13363	0.573686
627	0.125743	0.937795	0.479374
628	0.152697	1.3442	0.607313
629	0.136793	1.25248	0.620197
630	0.126934	1.06947	0.573992
631	0.135166	1.32247	0.573866
632	0.143123	1.1156	0.572837
633	0.128447	1.01414	0.511959
634	0.224525	2.16786	0.991965
635	0.145593	1.5845	0.774005
636	0.149297	1.10023	0.586925
637	0.213881	2.1188	1.01256
638	0.148801	1.10059	0.603786
639	0.15578	1.33923	0.649215
640	0.179139	1.3277	0.612673
641	0.147821	1.10017	0.570185
642	0.147589	1.10432	0.629094
643	0.131362	1.46017	0.68499
644	0.131985	1.12976	0.563736
645	0.127071	1.01859	0.512133
646	0.145087	1.52029	0.701247
647	0.15365	1.2582	0.644627
648	0.123905	1.08175	0.570679
649	0.15822	1.27724	0.574171
650	0.133062	1.0365	0.547396
651	0.122431	1.08015	0.50198
652	0.243957	2.25821	0.976433
653	0.143571	1.23089	0.7924
654	0.149927	1.10063	0.70208
655	0.193903	2.19577	0.980311
656	0.145713	1.08995	0.684718
657	0.145818	1.44447	0.729133
658	0.174483	1.26789	0.764998
659	0.149796	1.12166	0.55183
660	0.140481	1.11517	0.564964
661	0.221705	1.18247	1.09988
662	0.136377	1.12208	0.570062
663	0.123597	1.06841	0.487015
664	0.134558	1.3989	0.615466
665	0.143735	1.22855	0.603494
666	0.128905	1.1293	0.563389
667	0.172352	1.21251	0.599911
668	0.141654	1.1612	0.55282
669	0.126825	0.976754	0.48934
670	0.260564	2.18443	1.02155
671	0.161833	1.39861	0.644947
672	0.15369	1.05489	0.635829
673	0.214445	2.12532	1.02633
674	0.15155	1.50994	0.762151
675	0.192927	1.52492	0.775419
676	0.236778	1.11017	0.716413
677	0.160777	1.05515	0.544297
678	0.13959	1.0625	0.591268
679	0.345344	1.11095	4.28643
680	0.131868	1.14157	0.613437
681	0.124328	0.966602	0.484504
682	0.140696	1.40874	0.674505
683	0.151771	1.2872	0.668583
684	0.129902	1.0872	0.58326
685	0.18477	1.44221	0.682466
686	0.141963	1.09263	0.510122
687	0.137703	0.979816	0.488903
688	0.275632	2.19255	0.992062
689	0.156846	1.58017	0.583938
690	0.162994	1.0651	0.544878
691	0.23614	2.17364	1.00753
692	0.149941	1.58576	0.78188
693	0.215055	1.61311	0.787337
694	0.208855	1.43627	0.875352
695	0.154348	1.1298	0.540036
696	0.154824	1.16692	0.591605
697	0.199322	13.4537	30.1312
698	0.14258	1.02176	0.498051
699	0.1318	0.964057	0.47151
700	0.182353	1.14439	1.19268
701	0.142529	1.19494	0.635351
702	0.124045	1.01029	0.570537
703	0.171526	1.27695	0.665015
704	0.129491	1.11448	0.590121
705	0.147245	1.00662	0.480219
706	0.280346	2.20482	1.0279
707	0.155528	1.40541	0.641273
708	0.164504	1.16713	0.574152
709	0.255723	2.18977	0.996847
710	0.193278	1.81808	0.820901
711	0.213165	1.89657	0.911485
712	0.181634	1.9689	0.977174
713	0.158541	1.33821	0.603508
714	0.141637	1.08265	0.610451
715	132.876	5.68607	1282.62
716	0.119861	1.06043	0.535929
717	0.146011	1.01802	0.486281
718	0.83436	1.21759	0.552824
719	0.157451	1.16574	0.641244
720	0.128894	1.1278	0.615193
721	0.134205	1.54007	0.691838
722	0.133086	1.12896	0.577802
723	0.133835	1.00339	0.484003
724	0.22329	2.20547	1.08221
725	0.148773	1.05638	0.636708
726	0.132857	1.18088	0.673388
727	0.225456	2.37418	1.03523
728	0.133673	1.02461	0.566384
729	0.138135	1.28494	0.67663
730	0.131017	1.10641	0.518646
731	0.140643	1.25752	0.594543
732	0.137338	1.02243	0.496487
733	0.132232	1.5562	0.692921
734	0.136808	1.17903	0.665857
735	0.132975	0.990546	0.483604
736	0.13387	1.14248	0.532154
737	0.139904	1.20363	0.561049
738	0.130459	0.98715	0.534451
739	0.136747	1.43961	0.684844
740	0.128657	1.14175	0.608467
741	0.129028	1.00817	0.527096
742	0.231914	2.30074	0.989382
743	0.143207	1.75588	0.720265
744	0.128977	1.08263	0.553565
745	0.214023	2.06692	0.945124
746	0.136363	0.972444	0.543574
747	0.143051	1.16781	0.602644
748	0.136097	1.28979	0.618274
749	0.148676	1.09048	0.629189
750	0.143642	1.41523	0.645663
751	0.15222	1.33392	0.866087
752	0.13788	1.15914	0.595506
753	0.130042	1.01016	0.508002
754	0.158114	1.33396	0.690917
755	0.141216	1.31642	0.637088
756	0.129895	1.07804	0.560521
757	0.208579	1.18837	0.665581
758	0.137351	1.12895	0.60621
759	0.126023	1.02772	0.535298
760	0.238424	2.20014	1.03312
761	0.14757	1.64734	0.775509
762	0.140945	1.11358	0.588108
763	0.219409	2.13913	1.0158
764	0.140436	1.04995	0.606819
765	0.145355	1.16071	0.585207
766	0.25615	2.0403	0.612066
767	0.147309	1.06608	0.576157
768	0.139699	1.29403	0.588561
769	0.214871	1.36983	0.599741
770	0.135345	1.19369	0.576817
771	0.126997	1.047	0.574005
772	0.157847	1.83321	0.72435
773	0.143797	1.36367	0.636615
774	0.12517	1.10265	0.58834
775	0.152978	1.5022	0.583953
776	0.130742	1.21513	0.602485
777	0.127273	1.0165	0.515299
778	0.230025	2.23006	1.03409
779	0.149199	1.15244	0.718406
780	0.141808	1.17817	0.653785
781	0.216528	2.17289	1.02597
782	0.142261	1.19734	0.588553
783	0.145043	1.20889	0.580883
784	0.244489	1.80579	0.65389
785	0.151839	1.1435	0.607594
786	0.143178	1.33262	0.609854
787	0.144324	1.66741	1.04579
788	0.138017	1.14234	0.611535
789	0.122616	1.04635	0.510923
790	0.176	1.81952	0.599993
791	0.144581	1.34628	0.68547
792	0.127307	1.16779	0.604583
793	0.140955	1.32477	0.759116
794	0.135043	1.12775	0.575573
795	0.128083	1.01687	0.548125
796	0.231715	2.24337	1.00291
797	0.161498	1.34979	0.868561
798	0.156324	1.17707	0.662092
799	0.214917	2.12168	0.947938
800	0.150552	1.26738	0.645656
801	0.14486	1.44407	0.693511
802	0.235916	1.17297	0.558057
803	0.150393	1.09131	0.575702
804	0.145981	1.19335	0.614656
805	8.46863	1.58127	3.16408
806	0.138351	1.16081	0.585471
807	0.122212	1.0027	0.516488
808	0.148277	1.41295	0.657131
809	0.148334	1.32913	0.640661
810	0.130252	1.13592	0.585273
811	0.212933	1.21173	0.53764
812	0.141504	1.10795	0.608862
813	0.122053	0.953799	0.51433
814	0.276357	2.29742	1.05262
815	0.154637	1.15714	0.676355
816	0.150607	1.17455	0.687374
817	0.216536	2.15539	0.99469
818	0.154354	1.39575	0.772526
819	0.208348	1.47107	0.757809
820	0.249219	2.27299	0.935738
821	0.14892	1.06749	0.54641
822	0.145743	1.17186	0.592853
823	51.8199	3.3551	1.3096
824	0.134381	1.09652	0.581501
825	0.122563	1.00481	0.489596
826	1.73486	1.53648	0.567938
827	0.148365	1.11444	0.621406
828	0.125451	1.11192	0.601034
829	0.228224	1.2519	0.765127
830	0.146043	1.09408	0.588545
831	0.129803	0.96577	0.494398
832	0.26431	2.14735	1.03784
833	0.165741	1.42875	0.656903
834	0.167044	1.08299	0.586642
835	0.237786	2.18303	1.02144
836	0.176744	1.37419	0.798656
837	0.216739	1.5585	0.750121
838	0.277814	0.998812	0.82947
839	0.162201	1.10771	0.544413
840	0.154559	1.12605	0.587541
841	0.526685	210.148	4.99215
842	0.158857	1.02412	0.569078
843	0.132655	1.00056	0.501083
844	0.173831	1.17681	4.77408
845	0.153345	1.19822	0.674607
846	0.131393	1.03831	0.563509
847	0.199573	1.43024	0.761942
848	0.137548	1.04837	0.524096
849	0.140044	0.954919	0.477183
850	0.278779	2.18417	1.01897
851	0.129493	1.62734	0.783447
852	0.164676	1.11946	0.680686
853	0.257872	2.32883	1.04268
854	0.193811	2.01351	0.815105
855	0.208493	1.75188	0.829086
856	0.274995	1.67972	1.05954
857	0.154811	1.09886	0.584874
858	0.148983	1.02863	0.58071
859	283.212	756.194	47.0159
860	0.128919	1.12802	0.624376
861	0.140224	0.985188	0.4723
862	1.19939	1.48564	0.595653
863	0.143109	1.08992	0.620317
864	0.128747	1.06571	0.579614
865	0.140032	1.29313	0.666185
866	0.141924	1.00142	0.507549
867	0.142928	0.981576	0.49469
868	0.191984	2.14066	1.02879
869	0.163573	1.26859	0.614091
870	0.135608	1.24825	0.724363
871	0.219634	2.14369	1.02347
872	0.135384	1.04501	0.577913
873	0.136941	1.32488	0.683649
874	0.149872	1.19795	0.575672
875	0.146655	1.08324	0.513716
876	0.137013	1.03003	0.525663
877	0.135718	1.29635	0.636317
878	0.137692	1.00025	0.514867
879	0.14022	0.975475	0.493091
880	0.143209	1.19268	0.581834
881	0.143244	1.13168	0.515419
882	0.128119	0.9583	0.522556
883	0.155733	2.3314	0.727504
884	0.137062	1.19103	0.620838
885	0.131156	1.03539	0.517973
886	0.228918	2.39074	0.981405
887	0.148256	1.32848	0.658355
888	0.137516	1.2178	0.632534
889	0.213365	2.22673	1.01843
890	0.138164	1.02743	0.559239
891	0.13552	1.07877	0.58692
892	0.13605	1.24151	0.583054
893	0.140099	1.38641	0.662112
894	0.14249	1.44249	0.641715
895	0.22137	1.62307	0.681694
896	0.137765	1.2143	0.608225
897	0.130458	0.985701	0.512014
898	0.364908	1.62531	0.700605
899	0.133734	1.49417	0.671806
900	0.131884	1.07241	0.551666
901	0.179426	2.26582	0.860761
902	0.142195	1.15348	0.612365
903	0.131414	1.09216	0.529635
904	0.275112	2.46635	1.28609
905	0.148841	1.26777	0.685544
906	0.143905	1.12753	0.660057
907	0.217133	2.29234	0.958633
908	0.139643	1.12212	0.577374
909	0.139387	1.14151	0.597926
910	0.31114	1.63981	0.826674
911	0.148137	1.21669	0.586438
912	0.148254	1.76675	0.715862
913	0.198901	2.70686	0.727115
914	0.134763	1.29762	0.652206
915	0.129219	1.09815	0.504655
916	0.184899	2.58914	0.87344
917	0.145959	1.61132	0.704858
918	0.128487	1.129	0.570209
919	0.279194	2.09108	0.954813
920	0.13557	1.01826	0.56563
921	0.127006	1.08109	0.533154
922	0.232967	2.45972	1.11952
923	0.134327	1.36881	0.640762
924	0.156413	1.15886	0.659323
925	0.223161	2.03991	1.0421
926	0.142735	1.28994	0.681348
927	0.150851	1.17898	0.608427
928	0.229313	2.02308	0.689365
929	0.155239	1.12942	0.554653
930	0.151639	2.07038	0.825624
931	0.319406	1.91441	16.0791
932	0.13603	1.06025	0.570714
933	0.130803	1.05978	0.520009
934	0.196336	1.70648	2.3361
935	0.141872	1.23422	0.639572
936	0.132379	1.20273	0.567667
937	0.217494	2.0621	1.03704
938	0.124592	1.05512	0.640249
939	0.125151	1.03227	0.580868
940	0.284855	2.29552	1.01997
941	0.131991	1.37293	0.658269
942	0.15211	1.15379	0.641721
943	0.280629	2.17984	0.986525
944	0.139553	1.17817	0.787885
945	0.152336	1.16167	0.6222
946	0.206807	2.08002	0.919216
947	0.164988	1.20458	0.64808
948	0.139361	1.95833	0.742216
949	2.68954	257.41	0.6525
950	0.131128	1.05828	0.581199
951	0.119142	1.07285	0.5492
952	0.234827	2.12713	0.86607
953	0.142555	1.21429	0.653557
954	0.128326	1.19629	0.597932
955	0.222984	1.98743	1.06378
956	0.129526	1.09435	0.54212
957	0.130542	1.10517	0.518342
958	0.265161	2.17877	1.03516
959	0.14606	1.31069	0.706273
960	0.152263	1.17727	0.684982
961	0.243381	2.16194	1.06406
962	0.165977	1.67652	0.857182
963	0.143857	1.42847	0.710847
964	0.248391	2.25772	0.951776
965	0.145749	1.2143	0.60284
966	0.149327	2.03774	0.723455
967	2.26416	19.4042	116.446
968	0.136565	1.0883	0.627891
969	0.12508	1.0742	0.521502
970	0.927664	1.92622	1.18191
971	0.157678	1.18128	0.645727
972	0.126113	1.10035	0.616757
973	0.22381	2.31921	1.04966
974	0.156685	1.0608	0.546132
975	0.125293	1.08332	0.520686
976	0.292301	2.40508	1.0049
977	0.128161	1.38206	0.662274
978	0.149481	1.18084	0.655051
979	0.280712	2.70515	1.16722
980	0.183667	1.72656	0.779928
981	0.209684	1.53928	0.791958
982	0.281339	2.56841	219.325
983	0.160889	1.34123	0.583792
984	0.159713	1.9017	0.760209
985	400.504	1.69057	0.628032
986	0.169503	1.08141	0.553808
987	0.12762	1.1052	0.503829
988	0.511855	1.54766	7.57112
989	0.154568	1.11722	0.628693
990	0.131302	1.17981	0.609869
991	0.229444	1.99708	1.1087
992	0.158925	1.11311	0.627465
993	0.12698	0.9663	0.487212
994	0.288097	2.45814	1.19055
995	0.150107	1.4257	0.699565
996	0.151922	1.13015	0.65802
997	0.280267	2.70344	1.16727
998	0.221929	2.0057	0.878419
999	0.208333	1.89719	0.807034
1000	0.281464	2.69592	1.67904
1001	0.168316	1.15117	0.561508
1002	0.178037	1.54558	0.640616
1003	1575.72	211.605	0.892806
1004	0.139564	1.0197	0.558117
1005	0.13435	1.02469	0.475631
1006	0.206496	2.17152	1.0079
1007	0.146239	1.17869	0.636174
1008	0.131036	1.09638	0.611257
